# ----- Rotor performance tables for the WEIS Turbine wind turbine ----- 
# ------------ Written on Jun-25-24 using the ROSCO toolbox ------------ 

# Pitch angle vector, 20 entries - x axis (matrix columns) (deg)
-5.0   -3.158   -1.316   0.5263   2.368   4.211   6.053   7.895   9.737   11.58   13.42   15.26   17.11   18.95   20.79   22.63   24.47   26.32   28.16   30.0   
# TSR vector, 20 entries - y axis (matrix rows) (-)
2.0    2.526    3.053    3.579    4.105    4.632    5.158    5.684    6.211    6.737    7.263    7.789    8.316    8.842    9.368    9.895    10.42    10.95    11.47    12.0    
# Wind speed vector - z axis (m/s)
9.422    

# Power coefficient

0.003527   0.006070   0.008538   0.010936   0.013275   0.015571   0.017844   0.020119   0.022437   0.024859   0.027437   0.030182   0.032887   0.034844   0.035839   0.036311   0.036479   0.036104   0.034810   0.032428   
0.008376   0.012440   0.016419   0.020343   0.024251   0.028202   0.032304   0.036636   0.041166   0.045801   0.049318   0.051161   0.052315   0.053098   0.052692   0.050299   0.046043   0.040531   0.033976   0.026760   
0.015521   0.021772   0.027981   0.034244   0.040755   0.047560   0.054485   0.061585   0.066963   0.069976   0.072427   0.074117   0.072923   0.068097   0.060820   0.052106   0.042029   0.030923   0.018797   0.006332   
0.025430   0.034734   0.044267   0.054224   0.064202   0.074221   0.083890   0.089992   0.094702   0.098962   0.098781   0.092678   0.082808   0.070752   0.057788   0.042260   0.026079   0.008523   -0.008854   -0.026636   
0.038613   0.052395   0.066516   0.080168   0.093947   0.107072   0.115822   0.124107   0.129348   0.125354   0.114480   0.099536   0.082819   0.064281   0.044243   0.021448   -0.002030   -0.025404   -0.049196   -0.071276   
0.056110   0.075277   0.093388   0.111498   0.130034   0.143558   0.156960   0.162765   0.155649   0.140341   0.120733   0.098468   0.075337   0.048800   0.019426   -0.010857   -0.040694   -0.071056   -0.099837   -0.125640   
0.077882   0.101578   0.124465   0.150071   0.170928   0.191192   0.199469   0.190757   0.171838   0.147076   0.120338   0.091165   0.058656   0.022549   -0.014794   -0.052196   -0.090220   -0.127188   -0.160379   -0.190348   
0.102017   0.130666   0.162959   0.194534   0.223861   0.238711   0.230673   0.209823   0.181636   0.149167   0.113519   0.075408   0.033105   -0.011876   -0.057536   -0.103568   -0.150094   -0.192999   -0.232059   -0.268053   
0.127686   0.165102   0.209300   0.250390   0.278055   0.274695   0.253940   0.222630   0.184877   0.143989   0.100245   0.052893   0.000345   -0.053717   -0.108530   -0.165364   -0.220124   -0.270404   -0.316636   -0.358725   
0.155797   0.208355   0.264847   0.312409   0.319766   0.302216   0.270930   0.229418   0.183306   0.134250   0.081786   0.023377   -0.039056   -0.103151   -0.169396   -0.237416   -0.301463   -0.360569   -0.415250   -0.463506   
0.189340   0.260678   0.332757   0.361861   0.353093   0.323483   0.281247   0.231816   0.177887   0.120477   0.058106   -0.011566   -0.085606   -0.160813   -0.240644   -0.320516   -0.395219   -0.464991   -0.528562   -0.582230   
0.231254   0.326919   0.390924   0.398598   0.376688   0.337718   0.288258   0.231241   0.169246   0.102860   0.028763   -0.052581   -0.138592   -0.227225   -0.322356   -0.415376   -0.503062   -0.584326   -0.657224   -0.715032   
0.283505   0.393699   0.431972   0.424720   0.394182   0.349018   0.292654   0.227995   0.157898   0.080672   -0.005200   -0.099749   -0.198829   -0.303724   -0.415171   -0.523816   -0.625441   -0.719808   -0.801317   -0.862805   
0.352132   0.439297   0.458137   0.442912   0.408157   0.358166   0.295005   0.222792   0.142937   0.054897   -0.044376   -0.153076   -0.267245   -0.390231   -0.520757   -0.646122   -0.763786   -0.871873   -0.961286   -1.027110   
0.395310   0.460044   0.471795   0.456124   0.419711   0.364947   0.295650   0.215078   0.125395   0.024864   -0.088652   -0.213011   -0.343701   -0.488399   -0.639266   -0.783555   -0.918921   -1.040997   -1.137840   -1.209853   
0.409910   0.456962   0.476147   0.465453   0.428635   0.370456   0.294236   0.204891   0.104600   -0.009286   -0.138018   -0.279398   -0.429938   -0.598250   -0.771950   -0.936860   -1.091603   -1.227719   -1.331988   -1.412938   
0.399005   0.441082   0.471603   0.470565   0.435954   0.374021   0.290788   0.192575   0.080667   -0.047271   -0.192925   -0.353419   -0.525867   -0.721087   -0.919368   -1.107065   -1.282540   -1.432667   -1.545031   -1.638126   
0.378000   0.421638   0.457879   0.472327   0.440900   0.375642   0.285662   0.177921   0.053692   -0.089903   -0.253614   -0.434267   -0.632706   -0.857341   -1.082197   -1.295050   -1.492390   -1.656555   -1.778404   -1.887026   
0.352365   0.400289   0.441457   0.469593   0.443391   0.375662   0.278834   0.161129   0.023700   -0.136382   -0.320328   -0.523931   -0.750917   -1.007668   -1.261201   -1.501590   -1.721816   -1.900198   -2.033554   -2.161114   
0.323094   0.377324   0.423379   0.461658   0.443696   0.374150   0.270373   0.142161   -0.009187   -0.188079   -0.393618   -0.621738   -0.881258   -1.172708   -1.457286   -1.727448   -1.971510   -2.164542   -2.311921   -2.461787   


#  Thrust coefficient

0.062293   0.061588   0.060819   0.060004   0.059167   0.058334   0.057538   0.056814   0.056215   0.055793   0.055594   0.055593   0.055461   0.054766   0.053499   0.051989   0.050348   0.048354   0.045659   0.042043   
0.077551   0.076792   0.076045   0.075353   0.074771   0.074372   0.074234   0.074421   0.074957   0.075373   0.074855   0.073425   0.071793   0.070015   0.067367   0.063112   0.057274   0.050368   0.042609   0.034634   
0.096960   0.096416   0.096043   0.095949   0.096234   0.096984   0.098213   0.099149   0.098642   0.097141   0.095797   0.093969   0.089855   0.082671   0.073419   0.062998   0.051510   0.039588   0.026898   0.014403   
0.120995   0.121077   0.121624   0.122741   0.124503   0.126449   0.127006   0.125963   0.125247   0.124485   0.120094   0.110667   0.098132   0.083832   0.069298   0.052387   0.035532   0.017638   0.001122   -0.014065   
0.150168   0.151401   0.153383   0.156043   0.158491   0.159053   0.158769   0.159922   0.158706   0.149539   0.134694   0.116570   0.097448   0.076987   0.055755   0.032033   0.008456   -0.012892   -0.032169   -0.048426   
0.184915   0.187692   0.191110   0.194247   0.195593   0.196953   0.200803   0.198299   0.184615   0.164330   0.140988   0.115649   0.090354   0.061945   0.031357   0.001124   -0.025819   -0.049441   -0.069393   -0.084518   
0.225353   0.229446   0.233451   0.236197   0.239584   0.247032   0.244469   0.227236   0.201923   0.172117   0.141595   0.109143   0.074012   0.036153   -0.001269   -0.035619   -0.064953   -0.089710   -0.108268   -0.121065   
0.270917   0.275703   0.280068   0.285516   0.297258   0.297828   0.278551   0.249208   0.214233   0.176165   0.135659   0.093804   0.048931   0.003216   -0.039876   -0.076709   -0.107607   -0.131432   -0.148194   -0.159772   
0.320794   0.326488   0.333813   0.349095   0.357675   0.339768   0.307277   0.266010   0.219845   0.172130   0.123017   0.071911   0.017416   -0.035154   -0.082182   -0.121346   -0.152370   -0.174791   -0.190146   -0.199881   
0.375162   0.383788   0.400102   0.421330   0.409606   0.375781   0.330341   0.276372   0.220266   0.163455   0.105405   0.043427   -0.019316   -0.077961   -0.128135   -0.168562   -0.198981   -0.220126   -0.234352   -0.241577   
0.435266   0.451069   0.483555   0.487086   0.457003   0.406479   0.346033   0.281950   0.216712   0.150946   0.082851   0.010448   -0.060978   -0.124431   -0.177172   -0.218110   -0.247497   -0.268045   -0.280605   -0.283983   
0.503408   0.537585   0.564172   0.544447   0.494209   0.429295   0.358357   0.284577   0.210057   0.134807   0.055165   -0.027178   -0.106037   -0.173852   -0.228658   -0.269536   -0.298744   -0.318364   -0.328715   -0.326508   
0.583696   0.636105   0.635771   0.592097   0.525675   0.449468   0.368177   0.284617   0.200910   0.114476   0.023677   -0.068936   -0.154449   -0.226472   -0.282424   -0.323677   -0.352568   -0.371272   -0.378097   -0.369100   
0.694970   0.724996   0.695981   0.632808   0.554390   0.467835   0.376118   0.282927   0.188460   0.091079   -0.011826   -0.114274   -0.206303   -0.281393   -0.339004   -0.380280   -0.409267   -0.426533   -0.428388   -0.412198   
0.801077   0.797805   0.745891   0.670289   0.581488   0.484144   0.382613   0.279037   0.173842   0.064092   -0.050868   -0.163120   -0.260679   -0.339336   -0.397862   -0.439877   -0.468778   -0.483849   -0.479448   -0.456435   
0.893400   0.854778   0.790426   0.705748   0.606726   0.499689   0.387420   0.273090   0.156456   0.033824   -0.093090   -0.214704   -0.318320   -0.399627   -0.459511   -0.502438   -0.531092   -0.542960   -0.531367   -0.502358   
0.964878   0.904473   0.830743   0.738868   0.631366   0.513859   0.390666   0.265441   0.136461   0.000779   -0.138508   -0.269683   -0.378452   -0.462667   -0.523990   -0.567988   -0.596125   -0.603696   -0.584407   -0.550343   
1.028905   0.952169   0.866397   0.770788   0.654715   0.526745   0.392734   0.255877   0.114075   -0.035524   -0.186942   -0.326720   -0.441416   -0.528347   -0.591446   -0.636558   -0.663741   -0.665966   -0.638867   -0.600612   
1.091139   0.999790   0.901493   0.800578   0.676815   0.538717   0.393611   0.244688   0.089435   -0.074131   -0.238266   -0.387176   -0.507018   -0.596752   -0.661962   -0.708144   -0.733816   -0.729748   -0.695024   -0.653265   
1.153348   1.047867   0.936417   0.827901   0.697994   0.549890   0.393417   0.231839   0.062753   -0.115941   -0.292567   -0.449944   -0.575256   -0.667970   -0.735568   -0.782727   -0.806252   -0.795094   -0.753122   -0.708343   


# Torque coefficient

0.001771   0.003047   0.004286   0.005490   0.006664   0.007816   0.008957   0.010099   0.011262   0.012478   0.013772   0.015150   0.016508   0.017490   0.017990   0.018227   0.018311   0.018123   0.017473   0.016277   
0.003329   0.004943   0.006525   0.008084   0.009637   0.011207   0.012837   0.014559   0.016359   0.018200   0.019598   0.020330   0.020789   0.021100   0.020939   0.019988   0.018297   0.016106   0.013502   0.010634   
0.005104   0.007160   0.009202   0.011262   0.013403   0.015641   0.017919   0.020253   0.022022   0.023013   0.023819   0.024375   0.023982   0.022395   0.020002   0.017136   0.013822   0.010170   0.006182   0.002082   
0.007133   0.009743   0.012417   0.015210   0.018009   0.020819   0.023532   0.025243   0.026564   0.027759   0.027709   0.025997   0.023228   0.019846   0.016210   0.011854   0.007315   0.002391   -0.002484   -0.007471   
0.009442   0.012813   0.016266   0.019605   0.022974   0.026184   0.028324   0.030349   0.031631   0.030654   0.027995   0.024341   0.020253   0.015719   0.010819   0.005245   -0.000496   -0.006212   -0.012031   -0.017430   
0.012162   0.016317   0.020242   0.024168   0.028185   0.031117   0.034022   0.035280   0.033738   0.030419   0.026169   0.021343   0.016330   0.010578   0.004211   -0.002353   -0.008821   -0.015402   -0.021640   -0.027233   
0.015159   0.019771   0.024225   0.029209   0.033269   0.037213   0.038824   0.037128   0.033446   0.028626   0.023422   0.017744   0.011417   0.004389   -0.002879   -0.010159   -0.017560   -0.024755   -0.031216   -0.037049   
0.018018   0.023077   0.028781   0.034357   0.039537   0.042160   0.040740   0.037058   0.032080   0.026345   0.020049   0.013318   0.005847   -0.002098   -0.010162   -0.018292   -0.026509   -0.034086   -0.040985   -0.047342   
0.020640   0.026688   0.033833   0.040475   0.044947   0.044404   0.041049   0.035987   0.029885   0.023275   0.016204   0.008550   0.000056   -0.008683   -0.017543   -0.026731   -0.035582   -0.043710   -0.051183   -0.057987   
0.023217   0.031049   0.039467   0.046555   0.047651   0.045036   0.040374   0.034187   0.027316   0.020006   0.012188   0.003484   -0.005820   -0.015371   -0.025243   -0.035379   -0.044924   -0.053731   -0.061880   -0.069071   
0.026171   0.036031   0.045994   0.050016   0.048805   0.044712   0.038874   0.032042   0.024588   0.016652   0.008031   -0.001599   -0.011832   -0.022228   -0.033262   -0.044302   -0.054627   -0.064271   -0.073058   -0.080476   
0.029804   0.042134   0.050383   0.051372   0.048548   0.043525   0.037151   0.029803   0.021813   0.013257   0.003707   -0.006777   -0.017862   -0.029285   -0.041546   -0.053534   -0.064835   -0.075308   -0.084704   -0.092154   
0.034226   0.047529   0.052149   0.051274   0.047587   0.042135   0.035330   0.027524   0.019062   0.009739   -0.000628   -0.012042   -0.024003   -0.036667   -0.050121   -0.063237   -0.075506   -0.086898   -0.096738   -0.104161   
0.039980   0.049877   0.052016   0.050287   0.046341   0.040665   0.033494   0.025295   0.016229   0.006233   -0.005038   -0.017380   -0.030342   -0.044306   -0.059126   -0.073359   -0.086719   -0.098991   -0.109142   -0.116616   
0.042361   0.049298   0.050557   0.048878   0.044976   0.039107   0.031682   0.023048   0.013437   0.002664   -0.009500   -0.022826   -0.036831   -0.052337   -0.068503   -0.083965   -0.098471   -0.111553   -0.121930   -0.129647   
0.041589   0.046363   0.048310   0.047225   0.043489   0.037586   0.029853   0.020788   0.010613   -0.000942   -0.014003   -0.028348   -0.043621   -0.060698   -0.078322   -0.095053   -0.110753   -0.124564   -0.135143   -0.143356   
0.038438   0.042492   0.045432   0.045332   0.041998   0.036031   0.028013   0.018552   0.007771   -0.004554   -0.018585   -0.034047   -0.050659   -0.069466   -0.088567   -0.106649   -0.123554   -0.138016   -0.148841   -0.157809   
0.034664   0.038666   0.041989   0.043314   0.040432   0.034448   0.026196   0.016316   0.004924   -0.008244   -0.023257   -0.039824   -0.058021   -0.078621   -0.099241   -0.118761   -0.136858   -0.151912   -0.163086   -0.173047   
0.030831   0.035024   0.038626   0.041088   0.038795   0.032869   0.024397   0.014098   0.002074   -0.011933   -0.028028   -0.045842   -0.065703   -0.088168   -0.110351   -0.131385   -0.150654   -0.166262   -0.177930   -0.189091   
0.027030   0.031567   0.035420   0.038622   0.037119   0.031301   0.022619   0.011893   -0.000769   -0.015735   -0.032930   -0.052014   -0.073726   -0.098108   -0.121916   -0.144517   -0.164935   -0.181084   -0.193414   -0.205952   

