# ----- Rotor performance tables for the WISDEM tuning wind turbine ----- 
# ------------ Written on Mar-11-21 using the ROSCO toolbox ------------ 

# Pitch angle vector, 30 entries - x axis (matrix columns) (deg)
-5.0   -3.793   -2.586   -1.379   -0.1724   1.034   2.241   3.448   4.655   5.862   7.069   8.276   9.483   10.69   11.9   13.1   14.31   15.52   16.72   17.93   19.14   20.34   21.55   22.76   23.97   25.17   26.38   27.59   28.79   30.0   
# TSR vector, 30 entries - y axis (matrix rows) (-)
2.0    2.345    2.69    3.034    3.379    3.724    4.069    4.414    4.759    5.103    5.448    5.793    6.138    6.483    6.828    7.172    7.517    7.862    8.207    8.552    8.897    9.241    9.586    9.931    10.28    10.62    10.97    11.31    11.66    12.0    
# Wind speed vector - z axis (m/s)
9.321    

# Power coefficient

0.006997   0.009299   0.011559   0.013782   0.015974   0.018142   0.020294   0.022439   0.024585   0.026742   0.028921   0.031134   0.033396   0.035727   0.038164   0.040714   0.043198   0.045290   0.046777   0.047668   0.048075   0.048126   0.047937   0.047533   0.046902   0.045958   0.044653   0.042859   0.040587   0.037739   
0.011950   0.015134   0.018282   0.021405   0.024512   0.027616   0.030730   0.033868   0.037046   0.040288   0.043621   0.047101   0.050783   0.054412   0.057410   0.059464   0.060680   0.061280   0.061460   0.061373   0.061022   0.060296   0.059054   0.057142   0.054519   0.051082   0.046923   0.042120   0.036771   0.031265   
0.018483   0.022825   0.027145   0.031458   0.035784   0.040140   0.044554   0.049064   0.053712   0.058598   0.063766   0.068579   0.072160   0.074426   0.075744   0.076443   0.076788   0.076862   0.076495   0.075411   0.073346   0.070176   0.065862   0.060561   0.054458   0.047635   0.040231   0.033086   0.024768   0.016886   
0.026831   0.032636   0.038443   0.044277   0.050176   0.056196   0.062385   0.068843   0.075747   0.082299   0.087127   0.090172   0.092055   0.093251   0.094120   0.094698   0.094601   0.093353   0.090538   0.085998   0.080008   0.072877   0.064806   0.055945   0.047019   0.036978   0.026653   0.016555   0.005780   -0.005588   
0.037171   0.044779   0.052436   0.060219   0.068194   0.076384   0.085089   0.094082   0.101346   0.106043   0.109069   0.111187   0.112931   0.114480   0.115270   0.114418   0.111236   0.105684   0.098213   0.089327   0.079341   0.068483   0.057616   0.045028   0.033182   0.019854   0.006392   -0.007755   -0.022108   -0.036104   
0.049658   0.059487   0.069515   0.079759   0.090242   0.101555   0.112595   0.120566   0.125652   0.129259   0.132227   0.135146   0.137629   0.138254   0.135723   0.129888   0.121388   0.110949   0.099135   0.086687   0.073444   0.059020   0.044165   0.028128   0.012140   -0.005243   -0.022667   -0.040171   -0.057389   -0.073758   
0.064526   0.077161   0.089969   0.103011   0.117232   0.130644   0.139867   0.145961   0.150721   0.155162   0.159838   0.163339   0.163197   0.158483   0.149886   0.138435   0.125036   0.110792   0.095317   0.079556   0.062013   0.043928   0.024217   0.004087   -0.016510   -0.037600   -0.058997   -0.079399   -0.098408   -0.116439   
0.082139   0.097835   0.113663   0.131064   0.147589   0.158902   0.166627   0.173091   0.179609   0.186605   0.191148   0.189984   0.183101   0.171827   0.157507   0.141763   0.124519   0.106972   0.087499   0.066941   0.044663   0.021241   -0.002533   -0.026816   -0.051945   -0.077163   -0.101464   -0.124189   -0.145594   -0.165556   
0.102311   0.121164   0.141876   0.162484   0.176997   0.187025   0.195724   0.204869   0.214813   0.220633   0.218696   0.209917   0.196172   0.179739   0.161155   0.142044   0.120857   0.098554   0.074162   0.047621   0.020865   -0.006831   -0.034917   -0.064306   -0.094104   -0.122565   -0.149738   -0.175248   -0.198810   -0.221208   
0.124494   0.148415   0.173939   0.193140   0.206283   0.217733   0.229951   0.243548   0.251390   0.249290   0.239060   0.223763   0.205034   0.184891   0.162245   0.137997   0.112238   0.084097   0.054601   0.023885   -0.007875   -0.039884   -0.073514   -0.108393   -0.141887   -0.174116   -0.204140   -0.232430   -0.259242   -0.284406   
0.149584   0.180141   0.205867   0.223306   0.238037   0.253624   0.271656   0.282761   0.281431   0.270433   0.254339   0.234104   0.211513   0.186066   0.158958   0.129539   0.098610   0.065621   0.030846   -0.004999   -0.041345   -0.079131   -0.118214   -0.158027   -0.196065   -0.231575   -0.265184   -0.297159   -0.327100   -0.355129   
0.179244   0.213099   0.236712   0.255388   0.274546   0.297611   0.313697   0.314442   0.304252   0.286842   0.267055   0.241177   0.213764   0.182974   0.151376   0.117138   0.081289   0.042660   0.002790   -0.038158   -0.079617   -0.123666   -0.169523   -0.213871   -0.256001   -0.295771   -0.333752   -0.368967   -0.402525   -0.434510   
0.212066   0.244585   0.268364   0.291365   0.319502   0.342644   0.347222   0.339072   0.323708   0.300815   0.274700   0.244265   0.212075   0.177217   0.141018   0.101669   0.059799   0.016383   -0.029411   -0.075401   -0.123665   -0.174997   -0.226524   -0.275705   -0.322694   -0.367589   -0.409345   -0.448986   -0.486830   -0.522271   
0.244180   0.275266   0.302673   0.335182   0.367409   0.378691   0.373720   0.359882   0.337269   0.310499   0.278400   0.244536   0.207570   0.169042   0.127179   0.082839   0.035569   -0.014418   -0.065900   -0.117883   -0.173310   -0.232050   -0.289412   -0.344323   -0.396994   -0.446426   -0.493144   -0.537654   -0.579793   -0.618792   
0.273653   0.306686   0.342748   0.385093   0.405539   0.406362   0.394670   0.375515   0.347704   0.316095   0.280770   0.242600   0.201795   0.157810   0.111097   0.060877   0.007574   -0.048056   -0.105698   -0.165155   -0.229259   -0.295095   -0.358904   -0.420149   -0.478403   -0.533421   -0.585515   -0.635136   -0.681994   -0.724080   
0.300941   0.340722   0.392141   0.424720   0.433073   0.426838   0.410736   0.385333   0.355353   0.319953   0.281482   0.238985   0.193720   0.145116   0.092222   0.035946   -0.023656   -0.086171   -0.150645   -0.218198   -0.290951   -0.364523   -0.435222   -0.503089   -0.567941   -0.628563   -0.686685   -0.742217   -0.793452   -0.838346   
0.327836   0.384372   0.432720   0.450263   0.453021   0.441848   0.421657   0.394240   0.360680   0.322890   0.280004   0.233791   0.183819   0.129268   0.071226   0.008050   -0.058228   -0.127727   -0.199761   -0.276738   -0.359076   -0.440086   -0.518378   -0.594332   -0.665294   -0.732744   -0.797621   -0.858970   -0.914376   -0.961920   
0.361076   0.423842   0.454097   0.466330   0.464676   0.452083   0.430378   0.401181   0.365524   0.324151   0.277608   0.227040   0.171522   0.112113   0.046758   -0.022753   -0.096661   -0.173610   -0.253967   -0.341594   -0.432809   -0.522450   -0.609877   -0.693191   -0.771437   -0.846402   -0.918492   -0.985635   -1.045015   -1.095287   
0.396273   0.436846   0.460422   0.472956   0.472273   0.459684   0.437908   0.406876   0.368758   0.323912   0.273866   0.218289   0.158298   0.091821   0.020204   -0.057048   -0.138594   -0.223687   -0.313823   -0.411924   -0.513354   -0.612507   -0.709130   -0.800461   -0.886724   -0.970032   -1.049596   -1.122459   -1.185690   -1.239080   
0.403015   0.431735   0.455354   0.472429   0.475590   0.465597   0.443239   0.411327   0.370614   0.322864   0.268451   0.208920   0.142298   0.069849   -0.009484   -0.094408   -0.184198   -0.277982   -0.378661   -0.488910   -0.600660   -0.710152   -0.816693   -0.916454   -1.011732   -1.104015   -1.191218   -1.269712   -1.336814   -1.394033   
0.392697   0.420165   0.445380   0.466892   0.476455   0.468842   0.447529   0.414406   0.371737   0.320364   0.262715   0.197108   0.125025   0.045089   -0.041814   -0.134679   -0.233337   -0.337193   -0.449852   -0.572225   -0.694855   -0.816230   -0.932542   -1.041652   -1.146962   -1.248685   -1.343638   -1.427693   -1.498902   -1.560929   
0.378536   0.407615   0.433792   0.457754   0.473827   0.470503   0.450279   0.416742   0.371494   0.317796   0.254808   0.184369   0.105320   0.018070   -0.076580   -0.178612   -0.286632   -0.401400   -0.527034   -0.661759   -0.796999   -0.930639   -1.057070   -1.176610   -1.292819   -1.404367   -1.507140   -1.596749   -1.672549   -1.740551   
0.362110   0.393837   0.421337   0.447111   0.467588   0.470072   0.452087   0.418186   0.371315   0.313258   0.246268   0.169586   0.083716   -0.011250   -0.114545   -0.225572   -0.343377   -0.470005   -0.609987   -0.758430   -0.907263   -1.053481   -1.190709   -1.321847   -1.449657   -1.571370   -1.682023   -1.777286   -1.858398   -1.933649   
0.343735   0.377892   0.408096   0.434993   0.458877   0.468060   0.452781   0.418674   0.369260   0.308326   0.236007   0.153219   0.060235   -0.042699   -0.155345   -0.276009   -0.405002   -0.544681   -0.699513   -0.862341   -1.025940   -1.184935   -1.333913   -1.477799   -1.617822   -1.750001   -1.868600   -1.969777   -2.057120   -2.140913   
0.323657   0.360951   0.393450   0.422471   0.448935   0.464204   0.452275   0.418298   0.366960   0.301921   0.224432   0.135381   0.035007   -0.076826   -0.198452   -0.330370   -0.470704   -0.624581   -0.795551   -0.973919   -1.153219   -1.325306   -1.487191   -1.644842   -1.797650   -1.940565   -2.067213   -2.174738   -2.269378   -2.362973   
0.301173   0.342232   0.377973   0.409595   0.438093   0.458343   0.450643   0.416552   0.363340   0.294415   0.211734   0.116146   0.007523   -0.112750   -0.245264   -0.388060   -0.541359   -0.710699   -0.898370   -1.093571   -1.289241   -1.474949   -1.651017   -1.823325   -1.989472   -2.143378   -2.278234   -2.392716   -2.495803   -2.600421   
0.277013   0.322153   0.361739   0.396112   0.426413   0.450637   0.447354   0.413972   0.358760   0.286014   0.197941   0.095038   -0.021311   -0.151866   -0.294824   -0.449898   -0.616853   -0.802878   -1.008273   -1.221631   -1.434139   -1.634238   -1.825811   -2.013592   -2.193610   -2.358769   -2.502069   -2.624272   -2.737000   -2.853821   
0.250736   0.300947   0.344510   0.381805   0.414165   0.440780   0.442906   0.410526   0.353379   0.276829   0.182564   0.072981   -0.052874   -0.193178   -0.347939   -0.515698   -0.697389   -0.901299   -1.125580   -1.358348   -1.588092   -1.803611   -2.011950   -2.215983   -2.410391   -2.587070   -2.739159   -2.869962   -2.993545   -3.123727   
0.222943   0.278281   0.326082   0.366720   0.400846   0.429738   0.437340   0.406171   0.347130   0.266249   0.166270   0.048592   -0.086534   -0.237476   -0.404383   -0.585607   -0.783166   -1.006153   -1.250632   -1.503941   -1.751344   -1.983520   -2.209782   -2.430832   -2.640146   -2.828630   -2.989962   -3.130331   -3.265994   -3.410688   
0.192750   0.254012   0.306521   0.350273   0.386926   0.417997   0.430463   0.401081   0.340302   0.254674   0.148728   0.022523   -0.121876   -0.284512   -0.464256   -0.659778   -0.874382   -1.117655   -1.383752   -1.658597   -1.924166   -2.174381   -2.419641   -2.658474   -2.883207   -3.083804   -3.254952   -3.405915   -3.554879   -3.715244   


#  Thrust coefficient

0.081116   0.080518   0.079889   0.079241   0.078584   0.077933   0.077298   0.076694   0.076135   0.075633   0.075207   0.074872   0.074646   0.074543   0.074544   0.074557   0.074444   0.074056   0.073281   0.072092   0.070555   0.068785   0.066897   0.064899   0.062777   0.060453   0.057886   0.054942   0.051601   0.047773   
0.094682   0.094076   0.093479   0.092909   0.092383   0.091918   0.091535   0.091254   0.091098   0.091091   0.091254   0.091571   0.091915   0.092078   0.091828   0.090997   0.089578   0.087718   0.085603   0.083383   0.081033   0.078439   0.075499   0.072062   0.068050   0.063353   0.058028   0.052179   0.045907   0.039748   
0.110833   0.110353   0.109942   0.109623   0.109422   0.109370   0.109494   0.109827   0.110394   0.111136   0.111825   0.112133   0.111732   0.110492   0.108569   0.106254   0.103816   0.101292   0.098475   0.095166   0.091136   0.086204   0.080298   0.073540   0.066134   0.058166   0.049794   0.042214   0.033322   0.025304   
0.129810   0.129615   0.129572   0.129716   0.130088   0.130724   0.131664   0.132861   0.134022   0.134693   0.134402   0.133012   0.130808   0.128228   0.125635   0.122958   0.119794   0.115809   0.110605   0.103953   0.096053   0.087201   0.077606   0.067432   0.057723   0.046946   0.036110   0.025994   0.015690   0.005353   
0.151818   0.152101   0.152652   0.153516   0.154745   0.156364   0.158133   0.159507   0.159811   0.158700   0.156483   0.153771   0.151121   0.148541   0.145390   0.141042   0.134848   0.126653   0.116820   0.105823   0.093974   0.081552   0.069816   0.056235   0.044065   0.030422   0.017243   0.004289   -0.008108   -0.019732   
0.177064   0.178057   0.179459   0.181336   0.183656   0.185948   0.187414   0.187259   0.185486   0.182814   0.180091   0.177769   0.175162   0.171147   0.164655   0.155396   0.143885   0.130775   0.116595   0.102303   0.087717   0.072103   0.056568   0.039981   0.023987   0.007309   -0.008012   -0.022473   -0.036283   -0.048867   
0.205760   0.207719   0.210267   0.213304   0.216147   0.217757   0.217301   0.215151   0.212397   0.210075   0.208323   0.205607   0.200064   0.190753   0.178184   0.163251   0.146762   0.130056   0.112536   0.095338   0.076585   0.057671   0.037375   0.017250   -0.002085   -0.020075   -0.037274   -0.053005   -0.066819   -0.078831   
0.238113   0.241326   0.245107   0.248613   0.250589   0.250122   0.247888   0.245341   0.243729   0.242803   0.239835   0.232310   0.220007   0.204054   0.185605   0.166495   0.146374   0.126665   0.105309   0.083252   0.059826   0.035699   0.012038   -0.010567   -0.031703   -0.051391   -0.069525   -0.085401   -0.098897   -0.109579   
0.274329   0.278877   0.283207   0.285879   0.285766   0.283720   0.281561   0.280882   0.281118   0.277924   0.268389   0.253134   0.233745   0.212624   0.190010   0.167696   0.143628   0.118920   0.092526   0.064337   0.036779   0.009205   -0.017046   -0.041798   -0.064639   -0.085222   -0.103708   -0.119240   -0.131181   -0.140613   
0.314429   0.319731   0.323464   0.324148   0.322546   0.320867   0.321206   0.323062   0.320032   0.308803   0.290707   0.268785   0.244396   0.219582   0.192684   0.164562   0.135620   0.104768   0.073285   0.041450   0.009653   -0.020620   -0.049395   -0.076061   -0.099759   -0.121292   -0.139173   -0.153260   -0.164279   -0.172851   
0.357954   0.363057   0.365060   0.364199   0.363036   0.364269   0.368277   0.366272   0.353893   0.333240   0.309388   0.282066   0.253674   0.222522   0.190493   0.156703   0.122319   0.086706   0.050300   0.014087   -0.020824   -0.054088   -0.084255   -0.112296   -0.137429   -0.158486   -0.175255   -0.188373   -0.198449   -0.205823   
0.404296   0.408154   0.408460   0.407857   0.409658   0.416177   0.416510   0.403836   0.382127   0.354531   0.326898   0.292588   0.258127   0.220546   0.183481   0.144642   0.105433   0.064430   0.023619   -0.016362   -0.054043   -0.089438   -0.121968   -0.151025   -0.176241   -0.196516   -0.212407   -0.224233   -0.233352   -0.240008   
0.452942   0.455044   0.455153   0.457159   0.465882   0.470305   0.458591   0.436708   0.409419   0.374840   0.338526   0.298427   0.257865   0.215669   0.173659   0.129697   0.084526   0.039409   -0.006198   -0.049301   -0.090151   -0.127812   -0.161638   -0.191321   -0.216186   -0.235712   -0.250216   -0.261391   -0.269656   -0.274750   
0.503549   0.504751   0.506811   0.516361   0.526787   0.518983   0.496915   0.467963   0.430133   0.390170   0.345410   0.300832   0.254415   0.208300   0.160323   0.111517   0.061406   0.010563   -0.039076   -0.085230   -0.128438   -0.168047   -0.203067   -0.233219   -0.257401   -0.275498   -0.289429   -0.299808   -0.306722   -0.310037   
0.556426   0.558612   0.567144   0.584531   0.582125   0.563122   0.531235   0.493716   0.447780   0.400229   0.350916   0.300701   0.249879   0.197782   0.144983   0.090519   0.035012   -0.020066   -0.073518   -0.123241   -0.169137   -0.210208   -0.246412   -0.276334   -0.299188   -0.316782   -0.329932   -0.339167   -0.344674   -0.345667   
0.612486   0.619007   0.641512   0.646806   0.631696   0.600802   0.560640   0.512092   0.461914   0.408387   0.354542   0.298888   0.242968   0.186073   0.127074   0.066932   0.006199   -0.053859   -0.111096   -0.163662   -0.211570   -0.254501   -0.291144   -0.320075   -0.342508   -0.359182   -0.371497   -0.379704   -0.383320   -0.381541   
0.673384   0.695793   0.713745   0.701157   0.675587   0.633022   0.583636   0.530057   0.473272   0.415674   0.355729   0.295488   0.234322   0.171265   0.107314   0.040982   -0.024993   -0.089566   -0.150293   -0.205849   -0.256245   -0.300173   -0.336651   -0.365372   -0.386910   -0.403008   -0.414460   -0.421248   -0.422567   -0.417619   
0.748622   0.780013   0.774839   0.750276   0.709630   0.659777   0.604589   0.545811   0.484480   0.421117   0.356111   0.290559   0.223356   0.155401   0.084501   0.012820   -0.058805   -0.127698   -0.191654   -0.250334   -0.302214   -0.347229   -0.383804   -0.411716   -0.432776   -0.448217   -0.458674   -0.463739   -0.462337   -0.453960   
0.845657   0.848143   0.825307   0.788985   0.740193   0.684341   0.624770   0.560523   0.493949   0.425024   0.355120   0.283680   0.211670   0.136698   0.060089   -0.017924   -0.094682   -0.167860   -0.235316   -0.296162   -0.350203   -0.395900   -0.431980   -0.459535   -0.480072   -0.494830   -0.504120   -0.507108   -0.502592   -0.490717   
0.924563   0.902049   0.864177   0.820136   0.766946   0.708023   0.642836   0.574110   0.502043   0.428181   0.352483   0.276364   0.197420   0.116658   0.033181   -0.050664   -0.132605   -0.209736   -0.280329   -0.344155   -0.399773   -0.445665   -0.481628   -0.508776   -0.528849   -0.542868   -0.550762   -0.551293   -0.543357   -0.528085   
0.982837   0.943534   0.897320   0.847970   0.792873   0.729425   0.660342   0.586417   0.509524   0.429909   0.349701   0.266761   0.182158   0.094263   0.004385   -0.085112   -0.172205   -0.253702   -0.327587   -0.393843   -0.450576   -0.496944   -0.532672   -0.559518   -0.579146   -0.592334   -0.598555   -0.596252   -0.584719   -0.566278   
1.032809   0.982192   0.927948   0.873538   0.816454   0.750089   0.676569   0.598215   0.515707   0.431752   0.344868   0.256432   0.164769   0.070122   -0.026000   -0.121784   -0.213872   -0.299558   -0.376598   -0.444878   -0.503020   -0.549600   -0.585184   -0.611818   -0.630995   -0.643216   -0.647453   -0.641980   -0.626798   -0.605494   
1.077833   1.019787   0.958213   0.898200   0.837517   0.769243   0.692291   0.609325   0.522193   0.431729   0.339577   0.244287   0.145837   0.044268   -0.058532   -0.159938   -0.256752   -0.346431   -0.427015   -0.497693   -0.556906   -0.603688   -0.639234   -0.665717   -0.684417   -0.695491   -0.697420   -0.688502   -0.669729   -0.645890   
1.121791   1.055935   0.988473   0.921726   0.857161   0.787615   0.707304   0.619780   0.526933   0.431491   0.332758   0.230813   0.125427   0.016969   -0.092729   -0.199806   -0.301872   -0.395633   -0.479299   -0.552060   -0.612245   -0.659265   -0.694886   -0.721247   -0.739421   -0.749131   -0.748436   -0.735875   -0.713648   -0.687563   
1.166073   1.092695   1.018077   0.945398   0.876246   0.804933   0.721620   0.629620   0.531638   0.429973   0.324815   0.216160   0.103712   -0.012162   -0.128018   -0.241624   -0.348365   -0.446158   -0.533209   -0.607964   -0.669057   -0.716389   -0.752184   -0.778437   -0.796007   -0.804110   -0.800491   -0.784170   -0.758677   -0.730561   
1.209375   1.128986   1.047947   0.969398   0.894927   0.821136   0.735272   0.638423   0.535249   0.427525   0.315980   0.200399   0.080331   -0.042265   -0.165462   -0.284768   -0.396740   -0.498626   -0.588725   -0.665400   -0.727372   -0.775114   -0.811162   -0.837309   -0.854162   -0.860412   -0.853590   -0.833466   -0.804901   -0.774896   
1.253433   1.165554   1.078252   0.993553   0.913342   0.836286   0.747801   0.646699   0.538095   0.424404   0.306241   0.183195   0.056121   -0.074407   -0.204158   -0.329748   -0.446745   -0.552730   -0.645833   -0.724368   -0.787228   -0.835491   -0.871849   -0.897879   -0.913874   -0.918021   -0.907751   -0.883840   -0.852384   -0.820565   
1.297267   1.202739   1.108815   1.017799   0.931716   0.850033   0.759687   0.654412   0.540391   0.420647   0.295254   0.165360   0.030021   -0.107685   -0.244628   -0.376297   -0.498366   -0.608457   -0.704524   -0.784875   -0.848664   -0.897558   -0.934268   -0.960152   -0.975134   -0.976924   -0.963008   -0.935358   -0.901165   -0.867561   
1.341838   1.240245   1.139568   1.042201   0.949643   0.863161   0.770990   0.661540   0.542052   0.415795   0.283604   0.145828   0.002623   -0.142619   -0.286604   -0.424397   -0.551594   -0.665794   -0.764791   -0.846934   -0.911723   -0.961349   -0.998440   -1.024128   -1.037931   -1.037111   -1.019400   -0.988069   -0.951270   -0.915872   
1.386175   1.278032   1.170601   1.066282   0.967615   0.876070   0.781503   0.668280   0.543354   0.410213   0.271079   0.125171   -0.025664   -0.178947   -0.330063   -0.474034   -0.606418   -0.724733   -0.826633   -0.910562   -0.976444   -1.026890   -1.064381   -1.089806   -1.102255   -1.098580   -1.076966   -1.042012   -1.002708   -0.965483   


# Torque coefficient

0.003512   0.004668   0.005802   0.006918   0.008018   0.009106   0.010187   0.011263   0.012340   0.013423   0.014517   0.015628   0.016763   0.017933   0.019156   0.020437   0.021683   0.022734   0.023480   0.023927   0.024131   0.024157   0.024062   0.023859   0.023543   0.023069   0.022414   0.021513   0.020373   0.018943   
0.005116   0.006479   0.007827   0.009164   0.010495   0.011823   0.013157   0.014500   0.015861   0.017249   0.018676   0.020166   0.021742   0.023296   0.024579   0.025459   0.025979   0.026236   0.026313   0.026276   0.026126   0.025815   0.025283   0.024465   0.023341   0.021870   0.020090   0.018033   0.015743   0.013386   
0.006899   0.008519   0.010132   0.011742   0.013356   0.014982   0.016630   0.018313   0.020048   0.021872   0.023801   0.025597   0.026934   0.027779   0.028271   0.028532   0.028661   0.028689   0.028551   0.028147   0.027376   0.026193   0.024583   0.022604   0.020326   0.017780   0.015016   0.012349   0.009244   0.006303   
0.008877   0.010797   0.012718   0.014648   0.016600   0.018592   0.020639   0.022776   0.025060   0.027227   0.028824   0.029832   0.030455   0.030850   0.031138   0.031329   0.031297   0.030884   0.029953   0.028451   0.026469   0.024110   0.021440   0.018508   0.015555   0.012234   0.008818   0.005477   0.001912   -0.001849   
0.011043   0.013303   0.015578   0.017890   0.020259   0.022692   0.025278   0.027949   0.030107   0.031503   0.032402   0.033031   0.033549   0.034009   0.034244   0.033991   0.033046   0.031396   0.029177   0.026537   0.023570   0.020345   0.017116   0.013377   0.009858   0.005898   0.001899   -0.002304   -0.006568   -0.010726   
0.013386   0.016036   0.018739   0.021500   0.024327   0.027376   0.030352   0.032501   0.033872   0.034844   0.035644   0.036431   0.037100   0.037269   0.036587   0.035014   0.032722   0.029908   0.026724   0.023368   0.019798   0.015910   0.011906   0.007582   0.003273   -0.001413   -0.006110   -0.010829   -0.015470   -0.019883   
0.015920   0.019037   0.022197   0.025415   0.028924   0.032233   0.034509   0.036012   0.037186   0.038282   0.039436   0.040300   0.040264   0.039102   0.036980   0.034155   0.030849   0.027335   0.023517   0.019628   0.015300   0.010838   0.005975   0.001008   -0.004073   -0.009277   -0.014556   -0.019590   -0.024280   -0.028728   
0.018682   0.022252   0.025853   0.029810   0.033569   0.036142   0.037899   0.039369   0.040852   0.042443   0.043476   0.043212   0.041646   0.039082   0.035825   0.032244   0.028322   0.024331   0.019902   0.015226   0.010158   0.004831   -0.000576   -0.006099   -0.011815   -0.017551   -0.023078   -0.028246   -0.033115   -0.037655   
0.021584   0.025562   0.029931   0.034279   0.037341   0.039456   0.041291   0.043220   0.045318   0.046546   0.046138   0.044285   0.041386   0.037919   0.033998   0.029966   0.025497   0.020792   0.015646   0.010046   0.004402   -0.001441   -0.007366   -0.013566   -0.019853   -0.025857   -0.031590   -0.036972   -0.041942   -0.046667   
0.024490   0.029195   0.034216   0.037993   0.040578   0.042831   0.045234   0.047909   0.049451   0.049038   0.047026   0.044017   0.040333   0.036370   0.031916   0.027146   0.022079   0.016543   0.010741   0.004698   -0.001549   -0.007846   -0.014461   -0.021322   -0.027911   -0.034251   -0.040157   -0.045722   -0.050996   -0.055946   
0.027563   0.033193   0.037933   0.041147   0.043861   0.046733   0.050056   0.052102   0.051857   0.049830   0.046865   0.043137   0.038974   0.034285   0.029290   0.023869   0.018170   0.012091   0.005684   -0.000921   -0.007618   -0.014581   -0.021782   -0.029118   -0.036127   -0.042671   -0.048863   -0.054755   -0.060272   -0.065437   
0.031062   0.036929   0.041021   0.044257   0.047577   0.051574   0.054362   0.054491   0.052725   0.049708   0.046279   0.041795   0.037044   0.031708   0.026233   0.020299   0.014087   0.007393   0.000484   -0.006613   -0.013797   -0.021431   -0.029377   -0.037063   -0.044363   -0.051255   -0.057837   -0.063940   -0.069755   -0.075298   
0.034685   0.040004   0.043893   0.047655   0.052257   0.056042   0.056791   0.055458   0.052945   0.049201   0.044929   0.039952   0.034687   0.028985   0.023065   0.016629   0.009781   0.002680   -0.004810   -0.012332   -0.020226   -0.028622   -0.037050   -0.045094   -0.052779   -0.060122   -0.066952   -0.073435   -0.079625   -0.085422   
0.037813   0.042627   0.046871   0.051906   0.056896   0.058644   0.057874   0.055731   0.052229   0.048083   0.043113   0.037868   0.032144   0.026177   0.019695   0.012828   0.005508   -0.002233   -0.010205   -0.018255   -0.026839   -0.035935   -0.044818   -0.053321   -0.061478   -0.069133   -0.076368   -0.083260   -0.089786   -0.095825   
0.040237   0.045094   0.050397   0.056623   0.059629   0.059750   0.058031   0.055215   0.051126   0.046478   0.041284   0.035671   0.029671   0.023204   0.016335   0.008951   0.001114   -0.007066   -0.015542   -0.024284   -0.033710   -0.043390   -0.052772   -0.061777   -0.070343   -0.078433   -0.086093   -0.093389   -0.100278   -0.106467   
0.042122   0.047690   0.054887   0.059447   0.060616   0.059744   0.057490   0.053934   0.049738   0.044783   0.039398   0.033450   0.027115   0.020312   0.012908   0.005031   -0.003311   -0.012061   -0.021086   -0.030541   -0.040724   -0.051022   -0.060917   -0.070416   -0.079494   -0.087979   -0.096114   -0.103887   -0.111058   -0.117342   
0.043782   0.051332   0.057789   0.060131   0.060500   0.059008   0.056311   0.052650   0.048168   0.043121   0.037394   0.031222   0.024549   0.017263   0.009512   0.001075   -0.007776   -0.017058   -0.026678   -0.036958   -0.047954   -0.058772   -0.069228   -0.079372   -0.088848   -0.097856   -0.106520   -0.114713   -0.122113   -0.128462   
0.046106   0.054120   0.057984   0.059546   0.059335   0.057727   0.054955   0.051227   0.046674   0.041391   0.035448   0.028991   0.021902   0.014316   0.005971   -0.002905   -0.012343   -0.022168   -0.032429   -0.043618   -0.055266   -0.066712   -0.077875   -0.088514   -0.098505   -0.108077   -0.117282   -0.125856   -0.133438   -0.139857   
0.048474   0.053437   0.056321   0.057854   0.057771   0.056231   0.053567   0.049771   0.045108   0.039623   0.033501   0.026702   0.019364   0.011232   0.002471   -0.006978   -0.016953   -0.027362   -0.038388   -0.050389   -0.062796   -0.074925   -0.086744   -0.097917   -0.108469   -0.118659   -0.128392   -0.137305   -0.145040   -0.151571   
0.047311   0.050683   0.053455   0.055460   0.055831   0.054658   0.052033   0.048287   0.043507   0.037902   0.031514   0.024526   0.016705   0.008200   -0.001113   -0.011083   -0.021624   -0.032633   -0.044452   -0.057394   -0.070513   -0.083367   -0.095874   -0.107585   -0.118770   -0.129603   -0.139840   -0.149055   -0.156932   -0.163649   
0.044313   0.047412   0.050258   0.052685   0.053764   0.052905   0.050500   0.046763   0.041948   0.036151   0.029645   0.022242   0.014108   0.005088   -0.004718   -0.015198   -0.026330   -0.038050   -0.050762   -0.064571   -0.078409   -0.092105   -0.105230   -0.117543   -0.129426   -0.140905   -0.151620   -0.161105   -0.169140   -0.176139   
0.041121   0.044280   0.047124   0.049727   0.051473   0.051112   0.048915   0.045272   0.040356   0.034523   0.027680   0.020028   0.011441   0.001963   -0.008319   -0.019403   -0.031137   -0.043605   -0.057253   -0.071888   -0.086580   -0.101097   -0.114832   -0.127817   -0.140441   -0.152559   -0.163724   -0.173458   -0.181692   -0.189080   
0.037922   0.041244   0.044124   0.046823   0.048968   0.049228   0.047345   0.043794   0.038886   0.032806   0.025790   0.017760   0.008767   -0.001178   -0.011996   -0.023623   -0.035960   -0.049221   -0.063880   -0.079426   -0.095013   -0.110325   -0.124696   -0.138430   -0.151814   -0.164561   -0.176149   -0.186125   -0.194620   -0.202500   
0.034748   0.038200   0.041254   0.043973   0.046387   0.047315   0.045771   0.042323   0.037328   0.031168   0.023857   0.015489   0.006089   -0.004316   -0.015703   -0.027901   -0.040941   -0.055061   -0.070712   -0.087172   -0.103710   -0.119783   -0.134843   -0.149388   -0.163543   -0.176904   -0.188893   -0.199121   -0.207950   -0.216421   
0.031620   0.035263   0.038438   0.041274   0.043859   0.045351   0.044185   0.040866   0.035850   0.029496   0.021926   0.013226   0.003420   -0.007506   -0.019388   -0.032276   -0.045986   -0.061019   -0.077722   -0.095148   -0.112665   -0.129477   -0.145292   -0.160694   -0.175623   -0.189585   -0.201958   -0.212463   -0.221709   -0.230853   
0.028468   0.032349   0.035728   0.038717   0.041410   0.043324   0.042597   0.039374   0.034344   0.027829   0.020014   0.010979   0.000711   -0.010658   -0.023183   -0.036681   -0.051171   -0.067178   -0.084917   -0.103369   -0.121864   -0.139418   -0.156061   -0.172348   -0.188053   -0.202601   -0.215348   -0.226169   -0.235913   -0.245802   
0.025361   0.029494   0.033118   0.036265   0.039039   0.041256   0.040956   0.037900   0.032845   0.026185   0.018122   0.008701   -0.001951   -0.013904   -0.026992   -0.041189   -0.056474   -0.073505   -0.092309   -0.111842   -0.131298   -0.149617   -0.167156   -0.184347   -0.200828   -0.215949   -0.229068   -0.240256   -0.250576   -0.261272   
0.022255   0.026712   0.030579   0.033889   0.036761   0.039124   0.039312   0.036438   0.031366   0.024571   0.016204   0.006478   -0.004693   -0.017147   -0.030883   -0.045774   -0.061900   -0.080000   -0.099907   -0.120567   -0.140959   -0.160089   -0.178581   -0.196691   -0.213947   -0.229629   -0.243129   -0.254739   -0.265708   -0.277263   
0.019203   0.023970   0.028087   0.031587   0.034527   0.037015   0.037670   0.034985   0.029900   0.022933   0.014322   0.004185   -0.007454   -0.020455   -0.034831   -0.050441   -0.067457   -0.086664   -0.107722   -0.129541   -0.150851   -0.170849   -0.190338   -0.209378   -0.227407   -0.243642   -0.257538   -0.269629   -0.281314   -0.293777   
0.016125   0.021250   0.025643   0.029304   0.032370   0.034969   0.036012   0.033554   0.028469   0.021306   0.012442   0.001884   -0.010196   -0.023802   -0.038839   -0.055196   -0.073150   -0.093502   -0.115763   -0.138757   -0.160974   -0.181907   -0.202425   -0.222406   -0.241207   -0.257988   -0.272306   -0.284936   -0.297398   -0.310814   

