# ----- Rotor performance tables for the WEIS Turbine wind turbine ----- 
# ------------ Written on Mar-22-24 using the ROSCO toolbox ------------ 

# Pitch angle vector, 20 entries - x axis (matrix columns) (deg)
-5.0   -3.158   -1.316   0.5263   2.368   4.211   6.053   7.895   9.737   11.58   13.42   15.26   17.11   18.95   20.79   22.63   24.47   26.32   28.16   30.0   
# TSR vector, 20 entries - y axis (matrix rows) (-)
2.0    2.526    3.053    3.579    4.105    4.632    5.158    5.684    6.211    6.737    7.263    7.789    8.316    8.842    9.368    9.895    10.42    10.95    11.47    12.0    
# Wind speed vector - z axis (m/s)
10.56    

# Power coefficient

0.003747   0.006452   0.009085   0.011646   0.014144   0.016597   0.019023   0.021448   0.023914   0.026481   0.029187   0.032018   0.034840   0.037123   0.038564   0.039496   0.040036   0.039879   0.038653   0.036195   
0.009040   0.013358   0.017588   0.021760   0.025912   0.030107   0.034462   0.039016   0.043677   0.048382   0.052365   0.054930   0.056835   0.058174   0.058046   0.055628   0.051027   0.044996   0.037897   0.029679   
0.016914   0.023540   0.030124   0.036776   0.043701   0.050824   0.057899   0.064986   0.071079   0.075236   0.078829   0.081212   0.080111   0.074835   0.066800   0.057196   0.046377   0.034553   0.021310   0.008388   
0.027915   0.037779   0.047947   0.058428   0.068675   0.078604   0.088567   0.096251   0.102851   0.108323   0.108052   0.101081   0.090033   0.076755   0.062172   0.046701   0.028894   0.010934   -0.007870   -0.026558   
0.042688   0.057384   0.072058   0.085899   0.099304   0.113244   0.124652   0.135721   0.141378   0.136063   0.123532   0.106984   0.088454   0.069376   0.048119   0.024324   -0.000391   -0.025217   -0.050169   -0.073819   
0.062440   0.082198   0.100417   0.117957   0.137557   0.155152   0.172383   0.177034   0.167470   0.149875   0.127992   0.104741   0.080335   0.052951   0.022188   -0.009670   -0.041495   -0.073550   -0.104005   -0.130979   
0.086192   0.109931   0.132306   0.158493   0.184993   0.210686   0.215980   0.203601   0.181692   0.155590   0.127241   0.096625   0.062883   0.025348   -0.014256   -0.053610   -0.093982   -0.132613   -0.168005   -0.200158   
0.111705   0.140073   0.172060   0.209933   0.247921   0.257860   0.244695   0.219799   0.189764   0.156185   0.119859   0.079933   0.035995   -0.011414   -0.059475   -0.108446   -0.157233   -0.202844   -0.244474   -0.283132   
0.138462   0.175641   0.224139   0.279154   0.300739   0.289811   0.264787   0.232611   0.194152   0.151050   0.105363   0.055669   0.001117   -0.056243   -0.113889   -0.173822   -0.231631   -0.285277   -0.335140   -0.380289   
0.168214   0.222006   0.295805   0.340345   0.336468   0.313761   0.280464   0.239096   0.191306   0.140150   0.085145   0.024803   -0.041207   -0.109047   -0.178877   -0.250415   -0.318414   -0.382020   -0.440538   -0.491921   
0.204205   0.286666   0.368050   0.380628   0.364514   0.334277   0.291510   0.240848   0.184842   0.124821   0.059577   -0.013036   -0.090625   -0.170673   -0.254483   -0.338928   -0.419143   -0.493550   -0.561725   -0.617368   
0.251468   0.369125   0.413257   0.410295   0.386931   0.347741   0.297891   0.239424   0.174899   0.105272   0.028694   -0.056798   -0.147797   -0.241910   -0.341559   -0.440955   -0.534276   -0.621524   -0.698475   -0.756980   
0.327263   0.419688   0.442792   0.433050   0.402825   0.358455   0.301734   0.235132   0.161710   0.081735   -0.008114   -0.107298   -0.213053   -0.323277   -0.441374   -0.556847   -0.665595   -0.766200   -0.851135   -0.911845   
0.373061   0.445812   0.461592   0.448278   0.415784   0.366816   0.303146   0.228316   0.145620   0.053396   -0.050031   -0.164840   -0.286476   -0.416202   -0.554211   -0.688158   -0.813717   -0.928352   -1.019966   -1.083985   
0.395774   0.450916   0.469249   0.459219   0.426216   0.372966   0.302566   0.219409   0.125751   0.021145   -0.097775   -0.229501   -0.369245   -0.520861   -0.681763   -0.835256   -0.979857   -1.108262   -1.205778   -1.275636   
0.393727   0.440838   0.468286   0.466230   0.434257   0.377417   0.300361   0.207857   0.103064   -0.015735   -0.151374   -0.301739   -0.461406   -0.639197   -0.824102   -0.999739   -1.164608   -1.306455   -1.409865   -1.488942   
0.380499   0.425587   0.458530   0.469433   0.440376   0.380463   0.295998   0.193709   0.076873   -0.057215   -0.210771   -0.381589   -0.564651   -0.771254   -0.982240   -1.182421   -1.368644   -1.523544   -1.633749   -1.725796   
0.360705   0.407248   0.444415   0.469051   0.444751   0.381563   0.289535   0.177225   0.047260   -0.103048   -0.276884   -0.470108   -0.679196   -0.918074   -1.156892   -1.384135   -1.592622   -1.760250   -1.879031   -1.987797   
0.335610   0.386331   0.429045   0.464795   0.446777   0.380756   0.281281   0.158336   0.014323   -0.154158   -0.349080   -0.566693   -0.806498   -1.080082   -1.349144   -1.605685   -1.837227   -2.017500   -2.147325   -2.276406   
0.306011   0.363063   0.412522   0.455558   0.446415   0.378347   0.271294   0.137011   -0.022035   -0.209725   -0.428839   -0.673189   -0.947270   -1.257820   -1.559970   -1.847871   -2.103164   -2.296392   -2.440218   -2.593073   


#  Thrust coefficient

0.066326   0.065585   0.064780   0.063926   0.063046   0.062169   0.061326   0.060553   0.059899   0.059408   0.059120   0.059037   0.058911   0.058327   0.057256   0.056003   0.054564   0.052638   0.049868   0.046052   
0.082624   0.081842   0.081068   0.080349   0.079737   0.079303   0.079110   0.079211   0.079637   0.080037   0.079680   0.078596   0.077442   0.076014   0.073474   0.069013   0.062675   0.055117   0.046683   0.037352   
0.103442   0.102902   0.102536   0.102442   0.102693   0.103361   0.104431   0.105302   0.105024   0.104155   0.103598   0.102259   0.098032   0.090205   0.080014   0.068518   0.056110   0.043198   0.029133   0.016065   
0.129324   0.129470   0.130046   0.131126   0.132707   0.134357   0.134942   0.134662   0.135275   0.135476   0.130785   0.120288   0.106328   0.090531   0.073862   0.057047   0.038087   0.019783   0.001591   -0.014662   
0.160852   0.162150   0.164063   0.166332   0.168251   0.169052   0.170433   0.173728   0.172781   0.162135   0.145341   0.125178   0.103666   0.082560   0.059693   0.034765   0.009819   -0.013281   -0.033726   -0.051264   
0.198364   0.201013   0.203765   0.206031   0.207871   0.212017   0.218946   0.215274   0.199039   0.175890   0.149403   0.122784   0.095841   0.066371   0.034094   0.002079   -0.027116   -0.052421   -0.073630   -0.089208   
0.241681   0.244849   0.247525   0.250777   0.258152   0.269955   0.264682   0.243592   0.214210   0.182408   0.149668   0.115447   0.078748   0.039072   -0.000919   -0.037306   -0.069114   -0.094957   -0.114673   -0.128690   
0.289538   0.292496   0.296893   0.307097   0.325737   0.322006   0.297286   0.262170   0.224386   0.184701   0.143312   0.099174   0.052144   0.003621   -0.041871   -0.081797   -0.114359   -0.139609   -0.157545   -0.170663   
0.340952   0.345696   0.357370   0.384002   0.387057   0.360940   0.322468   0.279523   0.231836   0.181030   0.129390   0.075296   0.018310   -0.037620   -0.087378   -0.129332   -0.162026   -0.185836   -0.203207   -0.214687   
0.397309   0.408636   0.440321   0.458044   0.434341   0.393549   0.344619   0.289764   0.230797   0.171141   0.109830   0.045302   -0.021326   -0.083363   -0.136934   -0.179728   -0.211676   -0.235025   -0.251313   -0.260051   
0.461729   0.490515   0.531045   0.516698   0.476872   0.424905   0.361783   0.294610   0.226116   0.156930   0.085231   0.009295   -0.065554   -0.133163   -0.189286   -0.232395   -0.264100   -0.286912   -0.301776   -0.305545   
0.539402   0.599826   0.602008   0.568147   0.515273   0.447336   0.373339   0.296211   0.218074   0.138734   0.055789   -0.030966   -0.114106   -0.186488   -0.244265   -0.287775   -0.319253   -0.341806   -0.353729   -0.350743   
0.658386   0.686978   0.663790   0.615555   0.545958   0.466904   0.382402   0.295075   0.206967   0.116848   0.021374   -0.075678   -0.166438   -0.242619   -0.302119   -0.345636   -0.377800   -0.399171   -0.406740   -0.395817   
0.760132   0.759215   0.720663   0.654738   0.573977   0.484305   0.389174   0.291625   0.193193   0.090691   -0.016773   -0.124458   -0.221848   -0.301885   -0.362295   -0.406943   -0.439239   -0.458923   -0.460399   -0.441510   
0.847583   0.822135   0.767058   0.690844   0.599975   0.499780   0.394161   0.286335   0.176018   0.061364   -0.058901   -0.176782   -0.280660   -0.363535   -0.425691   -0.471325   -0.503777   -0.520652   -0.514658   -0.488628   
0.922671   0.872552   0.808064   0.724484   0.624223   0.513902   0.397826   0.278724   0.156535   0.028441   -0.104620   -0.232547   -0.342107   -0.428340   -0.491960   -0.539065   -0.571249   -0.584112   -0.569774   -0.537828   
0.987670   0.920592   0.844238   0.755877   0.647301   0.527055   0.399743   0.268972   0.134205   -0.007793   -0.153453   -0.291197   -0.406836   -0.495824   -0.561576   -0.610047   -0.641537   -0.649122   -0.626115   -0.589521   
1.050106   0.967552   0.878249   0.785433   0.669519   0.538803   0.400091   0.257369   0.109193   -0.046806   -0.205844   -0.353284   -0.474253   -0.566411   -0.634506   -0.684278   -0.714496   -0.715580   -0.684064   -0.643862   
1.111750   1.014137   0.912179   0.813169   0.690405   0.549316   0.399175   0.243909   0.081770   -0.089192   -0.260834   -0.417677   -0.544681   -0.640061   -0.710786   -0.761757   -0.789995   -0.783520   -0.743977   -0.700883   
1.173183   1.060967   0.946466   0.838289   0.710076   0.558929   0.397090   0.228669   0.051954   -0.133923   -0.319317   -0.485562   -0.618012   -0.716862   -0.790426   -0.842470   -0.867921   -0.853064   -0.806162   -0.760602   


# Torque coefficient

0.001880   0.003237   0.004558   0.005843   0.007096   0.008327   0.009544   0.010761   0.011998   0.013286   0.014644   0.016064   0.017480   0.018625   0.019349   0.019816   0.020087   0.020008   0.019393   0.018160   
0.003591   0.005306   0.006986   0.008643   0.010292   0.011958   0.013688   0.015497   0.017348   0.019217   0.020799   0.021818   0.022575   0.023106   0.023056   0.022095   0.020268   0.017872   0.015053   0.011788   
0.005560   0.007738   0.009902   0.012089   0.014365   0.016706   0.019032   0.021362   0.023365   0.024731   0.025912   0.026695   0.026334   0.024599   0.021958   0.018801   0.015245   0.011358   0.007005   0.002757   
0.007827   0.010592   0.013443   0.016382   0.019255   0.022039   0.024832   0.026986   0.028837   0.030371   0.030295   0.028340   0.025243   0.021520   0.017431   0.013094   0.008101   0.003066   -0.002207   -0.007446   
0.010434   0.014026   0.017613   0.020996   0.024273   0.027680   0.030468   0.033174   0.034557   0.033258   0.030195   0.026150   0.021621   0.016957   0.011762   0.005945   -0.000096   -0.006164   -0.012263   -0.018043   
0.013528   0.017808   0.021756   0.025556   0.029802   0.033614   0.037347   0.038355   0.036283   0.032471   0.027730   0.022692   0.017405   0.011472   0.004807   -0.002095   -0.008990   -0.015935   -0.022533   -0.028377   
0.016768   0.021386   0.025740   0.030834   0.035989   0.040988   0.042018   0.039610   0.035347   0.030269   0.024754   0.018798   0.012234   0.004931   -0.002773   -0.010429   -0.018284   -0.025799   -0.032684   -0.038940   
0.019719   0.024727   0.030374   0.037060   0.043766   0.045520   0.043196   0.038801   0.033499   0.027572   0.021159   0.014111   0.006354   -0.002015   -0.010499   -0.019144   -0.027757   -0.035808   -0.043157   -0.049982   
0.022372   0.028379   0.036214   0.045103   0.048591   0.046825   0.042782   0.037583   0.031369   0.024405   0.017024   0.008994   0.000180   -0.009087   -0.018401   -0.028085   -0.037425   -0.046093   -0.054149   -0.061444   
0.025055   0.033067   0.044060   0.050694   0.050116   0.046734   0.041775   0.035613   0.028495   0.020875   0.012682   0.003694   -0.006138   -0.016242   -0.026643   -0.037299   -0.047427   -0.056901   -0.065617   -0.073271   
0.028212   0.039604   0.050848   0.052586   0.050359   0.046182   0.040274   0.033274   0.025537   0.017245   0.008231   -0.001801   -0.012520   -0.023579   -0.035158   -0.046825   -0.057907   -0.068186   -0.077605   -0.085292   
0.032394   0.047551   0.053236   0.052854   0.049845   0.044796   0.038374   0.030843   0.022531   0.013561   0.003696   -0.007317   -0.019039   -0.031163   -0.044000   -0.056804   -0.068826   -0.080065   -0.089978   -0.097514   
0.039490   0.050643   0.053430   0.052255   0.048608   0.043254   0.036409   0.028373   0.019513   0.009863   -0.000979   -0.012947   -0.025709   -0.039009   -0.053259   -0.067193   -0.080315   -0.092455   -0.102704   -0.110030   
0.042337   0.050593   0.052384   0.050873   0.047185   0.041628   0.034402   0.025910   0.016526   0.006060   -0.005678   -0.018707   -0.032511   -0.047232   -0.062894   -0.078095   -0.092344   -0.105354   -0.115750   -0.123015   
0.042391   0.048297   0.050261   0.049187   0.045652   0.039948   0.032408   0.023501   0.013469   0.002265   -0.010473   -0.024582   -0.039549   -0.055789   -0.073023   -0.089463   -0.104951   -0.118705   -0.129150   -0.136632   
0.039929   0.044706   0.047490   0.047281   0.044039   0.038275   0.030460   0.021079   0.010452   -0.001596   -0.015351   -0.030600   -0.046792   -0.064822   -0.083574   -0.101385   -0.118105   -0.132490   -0.142977   -0.150996   
0.036638   0.040980   0.044152   0.045202   0.042404   0.036635   0.028502   0.018652   0.007402   -0.005509   -0.020295   -0.036743   -0.054370   -0.074264   -0.094580   -0.113855   -0.131787   -0.146702   -0.157314   -0.166177   
0.033062   0.037329   0.040735   0.042994   0.040766   0.034974   0.026539   0.016245   0.004332   -0.009445   -0.025379   -0.043090   -0.062255   -0.084151   -0.106041   -0.126871   -0.145981   -0.161346   -0.172233   -0.182203   
0.029351   0.033787   0.037523   0.040649   0.039073   0.033299   0.024600   0.013847   0.001253   -0.013482   -0.030529   -0.049561   -0.070533   -0.094460   -0.117991   -0.140427   -0.160676   -0.176442   -0.187796   -0.199085   
0.025589   0.030359   0.034495   0.038094   0.037329   0.031637   0.022686   0.011457   -0.001843   -0.017537   -0.035860   -0.056292   -0.079211   -0.105179   -0.130445   -0.154519   -0.175867   -0.192025   -0.204051   -0.216833   

