# ----- Rotor performance tables for the WEIS Turbine wind turbine ----- 
# ------------ Written on Jun-25-24 using the ROSCO toolbox ------------ 

# Pitch angle vector, 20 entries - x axis (matrix columns) (deg)
-5.0   -3.158   -1.316   0.5263   2.368   4.211   6.053   7.895   9.737   11.58   13.42   15.26   17.11   18.95   20.79   22.63   24.47   26.32   28.16   30.0   
# TSR vector, 20 entries - y axis (matrix rows) (-)
2.0    2.526    3.053    3.579    4.105    4.632    5.158    5.684    6.211    6.737    7.263    7.789    8.316    8.842    9.368    9.895    10.42    10.95    11.47    12.0    
# Wind speed vector - z axis (m/s)
9.715    

# Power coefficient

0.003761   0.006360   0.008888   0.011351   0.013762   0.016137   0.018497   0.020870   0.023301   0.025851   0.028572   0.031478   0.034199   0.035997   0.036840   0.037160   0.037172   0.036740   0.035525   0.033279   
0.008860   0.013035   0.017136   0.021193   0.025248   0.029368   0.033659   0.038201   0.043000   0.047752   0.050950   0.052498   0.053373   0.053909   0.053504   0.051318   0.047203   0.041620   0.034812   0.027217   
0.016466   0.022912   0.029336   0.035844   0.042623   0.049724   0.057064   0.064375   0.069144   0.071636   0.073643   0.075141   0.074203   0.069594   0.062220   0.053203   0.042745   0.031519   0.018831   0.007189   
0.027091   0.036714   0.046599   0.056926   0.067363   0.078099   0.087233   0.092348   0.096362   0.100371   0.100628   0.094630   0.084380   0.071922   0.058096   0.042904   0.026738   0.009113   -0.008025   -0.026192   
0.041295   0.055530   0.070141   0.084442   0.099176   0.111062   0.118471   0.126020   0.131739   0.127989   0.116461   0.100849   0.083560   0.064865   0.045002   0.022068   -0.001375   -0.025212   -0.049320   -0.071556   
0.060076   0.079856   0.098739   0.118169   0.135123   0.146778   0.159592   0.166354   0.158651   0.142130   0.121578   0.099297   0.076526   0.049540   0.019796   -0.010481   -0.041133   -0.071903   -0.100895   -0.126955   
0.083386   0.107914   0.132433   0.157069   0.175156   0.194870   0.204174   0.193983   0.173221   0.148342   0.121757   0.092511   0.059366   0.022466   -0.015151   -0.053215   -0.091952   -0.129179   -0.162548   -0.193182   
0.109291   0.139330   0.172759   0.200512   0.228712   0.244603   0.234291   0.211338   0.182457   0.150267   0.115057   0.076070   0.032771   -0.012932   -0.058764   -0.106231   -0.153198   -0.196419   -0.236142   -0.272750   
0.136827   0.177112   0.218462   0.256625   0.285365   0.278969   0.255776   0.224206   0.186436   0.145498   0.101052   0.052395   -0.001248   -0.055770   -0.111776   -0.169753   -0.224845   -0.275856   -0.323002   -0.366563   
0.167749   0.222307   0.273390   0.321544   0.325049   0.304519   0.272227   0.231112   0.184626   0.135208   0.081544   0.021861   -0.041893   -0.106606   -0.174878   -0.243628   -0.308410   -0.368471   -0.424626   -0.474733   
0.205571   0.274281   0.344744   0.368031   0.355102   0.325667   0.283056   0.233023   0.178787   0.120582   0.056607   -0.014782   -0.089468   -0.166423   -0.248267   -0.329113   -0.404778   -0.475933   -0.541541   -0.597149   
0.251088   0.342892   0.399272   0.401726   0.379378   0.339848   0.289509   0.231866   0.169540   0.101995   0.025808   -0.057318   -0.144377   -0.235577   -0.332784   -0.426766   -0.515739   -0.598964   -0.674266   -0.733785   
0.305235   0.407033   0.435685   0.427852   0.396726   0.350548   0.293532   0.228196   0.157496   0.078922   -0.009735   -0.106280   -0.206664   -0.315314   -0.428511   -0.538520   -0.641731   -0.738728   -0.822758   -0.885614   
0.376162   0.444175   0.460777   0.445779   0.410259   0.359044   0.295029   0.222456   0.142043   0.051429   -0.050758   -0.161499   -0.277827   -0.405236   -0.537572   -0.664468   -0.784405   -0.895567   -0.987369   -1.054418   
0.404854   0.461843   0.473964   0.458589   0.421199   0.365232   0.295159   0.214215   0.123203   0.019725   -0.096733   -0.223617   -0.357619   -0.507115   -0.660013   -0.805989   -0.944455   -1.069890   -1.168811   -1.242250   
0.410524   0.457341   0.478305   0.467533   0.429923   0.370233   0.293278   0.203414   0.101228   -0.016180   -0.148645   -0.292418   -0.447620   -0.621095   -0.797107   -0.964084   -1.122614   -1.262208   -1.368243   -1.451148   
0.396253   0.440078   0.473970   0.472775   0.436538   0.373345   0.289392   0.190377   0.076009   -0.056322   -0.205672   -0.369254   -0.548237   -0.748595   -0.949225   -1.139761   -1.319546   -1.473120   -1.587093   -1.682971   
0.374321   0.420089   0.460521   0.474267   0.441200   0.374567   0.283898   0.174915   0.047709   -0.101206   -0.269301   -0.453360   -0.659991   -0.890027   -1.117134   -1.333827   -1.535891   -1.703321   -1.826893   -1.939337   
0.348728   0.398174   0.443245   0.471873   0.443534   0.374271   0.276572   0.157140   0.015699   -0.150115   -0.338864   -0.546422   -0.783632   -1.046048   -1.301882   -1.547040   -1.772331   -1.953691   -2.089192   -2.221710   
0.319275   0.375272   0.424665   0.464742   0.443844   0.372473   0.267637   0.137152   -0.019168   -0.204483   -0.415268   -0.649017   -0.920034   -1.217250   -1.504436   -1.780166   -2.029563   -2.225299   -2.375516   -2.531529   


#  Thrust coefficient

0.064648   0.063919   0.063128   0.062294   0.061445   0.060607   0.059813   0.059105   0.058538   0.058167   0.058038   0.058065   0.057840   0.056987   0.055542   0.053812   0.051945   0.049835   0.047152   0.043606   
0.080271   0.079515   0.078780   0.078115   0.077575   0.077245   0.077204   0.077525   0.078164   0.078478   0.077715   0.075995   0.073996   0.071883   0.069162   0.065028   0.059255   0.052213   0.044148   0.035700   
0.100253   0.099767   0.099477   0.099502   0.099951   0.100919   0.102328   0.103122   0.102219   0.100220   0.098315   0.096187   0.092224   0.085175   0.075762   0.064961   0.053004   0.040932   0.027521   0.016102   
0.125115   0.125355   0.126116   0.127515   0.129620   0.131633   0.131716   0.129955   0.128460   0.127289   0.123181   0.113800   0.100839   0.086030   0.070316   0.053875   0.037040   0.019107   0.003144   -0.012426   
0.155430   0.156980   0.159366   0.162487   0.164865   0.164595   0.163278   0.163583   0.162573   0.153559   0.138062   0.119156   0.099200   0.078490   0.057489   0.033628   0.010206   -0.011180   -0.030768   -0.047259   
0.191678   0.194978   0.198984   0.202011   0.202244   0.202302   0.205435   0.203508   0.189261   0.167708   0.143145   0.117629   0.092704   0.063779   0.032820   0.002763   -0.024419   -0.048299   -0.068572   -0.083900   
0.233989   0.238788   0.242849   0.244398   0.246204   0.253062   0.251075   0.232393   0.204878   0.175020   0.144504   0.111819   0.075914   0.037251   -0.000315   -0.034610   -0.064119   -0.089256   -0.107938   -0.121099   
0.281709   0.286898   0.290320   0.293918   0.304947   0.306065   0.284426   0.252605   0.216851   0.178982   0.138739   0.095768   0.049847   0.003543   -0.039159   -0.076245   -0.107538   -0.131676   -0.148758   -0.160634   
0.333738   0.339108   0.344611   0.358634   0.368001   0.346805   0.311229   0.269890   0.223565   0.175439   0.125278   0.072703   0.017228   -0.035415   -0.082247   -0.121677   -0.153115   -0.175950   -0.191757   -0.202360   
0.390108   0.397607   0.411943   0.434405   0.418452   0.380632   0.334142   0.280634   0.223743   0.166114   0.106541   0.043292   -0.020426   -0.078796   -0.128954   -0.169780   -0.200752   -0.222341   -0.237392   -0.245566   
0.452215   0.466203   0.500035   0.497799   0.461642   0.411710   0.350806   0.285746   0.219666   0.152609   0.082704   0.008820   -0.062619   -0.126053   -0.178692   -0.220473   -0.250348   -0.271673   -0.285218   -0.289354   
0.522440   0.557291   0.578799   0.551727   0.500502   0.434756   0.362632   0.287717   0.212236   0.135381   0.053619   -0.029941   -0.108838   -0.176324   -0.231562   -0.273043   -0.303011   -0.323567   -0.334895   -0.333031   
0.606027   0.657240   0.645471   0.599972   0.531975   0.454404   0.372082   0.287208   0.202209   0.114053   0.020747   -0.072970   -0.158145   -0.230049   -0.286523   -0.328547   -0.358394   -0.378161   -0.385727   -0.376625   
0.726129   0.738979   0.705393   0.640391   0.560272   0.472090   0.379040   0.284772   0.189059   0.088921   -0.016287   -0.119503   -0.211100   -0.286120   -0.344442   -0.386692   -0.416812   -0.435100   -0.437311   -0.420698   
0.820633   0.809311   0.754587   0.677274   0.586633   0.487712   0.384881   0.280105   0.172959   0.060307   -0.056572   -0.169640   -0.266595   -0.345361   -0.404776   -0.448034   -0.478122   -0.494040   -0.489507   -0.465951   
0.906852   0.864568   0.798608   0.711924   0.611517   0.502616   0.388998   0.273252   0.154203   0.028463   -0.100697   -0.222479   -0.325317   -0.407051   -0.468101   -0.512457   -0.542272   -0.554704   -0.542481   -0.513012   
0.975665   0.912566   0.838116   0.744694   0.635198   0.516109   0.391498   0.264552   0.132799   -0.006459   -0.147483   -0.278778   -0.386923   -0.471658   -0.534427   -0.579959   -0.609146   -0.616892   -0.596557   -0.562316   
1.038495   0.958902   0.873092   0.775729   0.657917   0.528280   0.392822   0.253847   0.108978   -0.044594   -0.197831   -0.337160   -0.451316   -0.539075   -0.603866   -0.650534   -0.678588   -0.680484   -0.652087   -0.614074   
1.100058   1.004808   0.906539   0.805075   0.679385   0.539536   0.392745   0.241320   0.082343   -0.085059   -0.250832   -0.398717   -0.518463   -0.609370   -0.676471   -0.724168   -0.750468   -0.745490   -0.709410   -0.668357   
1.161020   1.051790   0.940143   0.832140   0.699964   0.549916   0.391564   0.227140   0.053771   -0.128818   -0.306868   -0.463363   -0.588377   -0.682609   -0.752250   -0.800842   -0.824676   -0.812027   -0.768824   -0.725209   


# Torque coefficient

0.001888   0.003193   0.004462   0.005698   0.006908   0.008101   0.009285   0.010477   0.011697   0.012977   0.014343   0.015802   0.017168   0.018070   0.018493   0.018654   0.018660   0.018443   0.017833   0.016706   
0.003521   0.005180   0.006810   0.008423   0.010034   0.011671   0.013377   0.015182   0.017089   0.018977   0.020248   0.020863   0.021211   0.021424   0.021263   0.020395   0.018759   0.016540   0.013835   0.010816   
0.005415   0.007536   0.009648   0.011789   0.014018   0.016354   0.018768   0.021172   0.022741   0.023561   0.024221   0.024713   0.024405   0.022889   0.020464   0.017498   0.014059   0.010366   0.006193   0.002364   
0.007600   0.010299   0.013072   0.015969   0.018897   0.021909   0.024471   0.025906   0.027032   0.028157   0.028229   0.026546   0.023671   0.020176   0.016298   0.012036   0.007501   0.002556   -0.002251   -0.007348   
0.010099   0.013580   0.017154   0.020651   0.024255   0.027161   0.028973   0.030820   0.032218   0.031301   0.028482   0.024664   0.020436   0.015863   0.011006   0.005397   -0.000336   -0.006166   -0.012062   -0.017500   
0.013023   0.017310   0.021404   0.025615   0.029291   0.031817   0.034595   0.036061   0.034391   0.030810   0.026354   0.021525   0.016588   0.010739   0.004291   -0.002272   -0.008917   -0.015586   -0.021871   -0.027520   
0.016231   0.021005   0.025778   0.030574   0.034094   0.037932   0.039743   0.037759   0.033718   0.028875   0.023700   0.018007   0.011556   0.004373   -0.002949   -0.010358   -0.017899   -0.025145   -0.031640   -0.037603   
0.019304   0.024610   0.030514   0.035416   0.040397   0.043204   0.041382   0.037328   0.032227   0.026541   0.020322   0.013436   0.005788   -0.002284   -0.010379   -0.018763   -0.027059   -0.034693   -0.041709   -0.048175   
0.022119   0.028632   0.035316   0.041486   0.046132   0.045098   0.041348   0.036245   0.030139   0.023521   0.016336   0.008470   -0.000202   -0.009016   -0.018070   -0.027442   -0.036348   -0.044595   -0.052216   -0.059258   
0.025000   0.033130   0.040743   0.047920   0.048442   0.045382   0.040570   0.034443   0.027515   0.020150   0.012152   0.003258   -0.006243   -0.015887   -0.026062   -0.036308   -0.045962   -0.054913   -0.063282   -0.070749   
0.028416   0.037914   0.047654   0.050873   0.049086   0.045017   0.039127   0.032211   0.024714   0.016668   0.007825   -0.002043   -0.012367   -0.023005   -0.034318   -0.045493   -0.055953   -0.065788   -0.074857   -0.082544   
0.032363   0.044195   0.051462   0.051779   0.048898   0.043803   0.037315   0.029885   0.021852   0.013146   0.003326   -0.007388   -0.018609   -0.030364   -0.042893   -0.055006   -0.066474   -0.077201   -0.086906   -0.094578   
0.036852   0.049142   0.052601   0.051656   0.047898   0.042323   0.035439   0.027551   0.019015   0.009528   -0.001175   -0.012831   -0.024951   -0.038069   -0.051735   -0.065017   -0.077478   -0.089189   -0.099334   -0.106923   
0.042712   0.050434   0.052320   0.050617   0.046583   0.040768   0.033499   0.025259   0.016128   0.005840   -0.005763   -0.018338   -0.031546   -0.046013   -0.061039   -0.075448   -0.089066   -0.101688   -0.112112   -0.119725   
0.043387   0.049494   0.050793   0.049146   0.045139   0.039141   0.031631   0.022957   0.013203   0.002114   -0.010367   -0.023964   -0.038325   -0.054346   -0.070732   -0.086376   -0.101215   -0.114657   -0.125258   -0.133129   
0.041655   0.046405   0.048532   0.047439   0.043623   0.037566   0.029758   0.020640   0.010271   -0.001642   -0.015083   -0.029671   -0.045419   -0.063021   -0.080880   -0.097823   -0.113908   -0.128072   -0.138831   -0.147243   
0.038176   0.042398   0.045663   0.045548   0.042057   0.035969   0.027881   0.018341   0.007323   -0.005426   -0.019815   -0.035575   -0.052818   -0.072121   -0.091451   -0.109807   -0.127128   -0.141924   -0.152904   -0.162141   
0.034329   0.038527   0.042235   0.043495   0.040463   0.034352   0.026036   0.016042   0.004375   -0.009282   -0.024698   -0.041578   -0.060528   -0.081625   -0.102453   -0.122326   -0.140857   -0.156212   -0.167545   -0.177857   
0.030515   0.034842   0.038785   0.041291   0.038811   0.032750   0.024201   0.013750   0.001374   -0.013136   -0.029652   -0.047814   -0.068571   -0.091533   -0.113919   -0.135371   -0.155085   -0.170955   -0.182812   -0.194408   
0.026712   0.031397   0.035530   0.038883   0.037134   0.031163   0.022392   0.011475   -0.001604   -0.017108   -0.034744   -0.054300   -0.076975   -0.101842   -0.125870   -0.148939   -0.169805   -0.186181   -0.198749   -0.211802   

