# ----- Rotor performance tables for the WISDEM tuning wind turbine ----- 
# ------------ Written on May-03-21 using the ROSCO toolbox ------------ 

# Pitch angle vector, 30 entries - x axis (matrix columns) (deg)
-5.0   -3.793   -2.586   -1.379   -0.1724   1.034   2.241   3.448   4.655   5.862   7.069   8.276   9.483   10.69   11.9   13.1   14.31   15.52   16.72   17.93   19.14   20.34   21.55   22.76   23.97   25.17   26.38   27.59   28.79   30.0   
# TSR vector, 30 entries - y axis (matrix rows) (-)
2.0    2.345    2.69    3.034    3.379    3.724    4.069    4.414    4.759    5.103    5.448    5.793    6.138    6.483    6.828    7.172    7.517    7.862    8.207    8.552    8.897    9.241    9.586    9.931    10.28    10.62    10.97    11.31    11.66    12.0    
# Wind speed vector - z axis (m/s)
10.6    

# Power coefficient

0.006445   0.008847   0.011203   0.013518   0.015799   0.018053   0.020289   0.022516   0.024743   0.026980   0.029238   0.031530   0.033870   0.036275   0.038771   0.041411   0.044145   0.046621   0.048453   0.049545   0.050047   0.050108   0.049847   0.049341   0.048613   0.047624   0.046307   0.044583   0.042373   0.039633   
0.011294   0.014612   0.017891   0.021141   0.024374   0.027601   0.030837   0.034096   0.037394   0.040753   0.044199   0.047766   0.051548   0.055509   0.059065   0.061582   0.063050   0.063753   0.063910   0.063701   0.063212   0.062407   0.061166   0.059386   0.056874   0.053595   0.049533   0.044763   0.039400   0.033497   
0.017707   0.022232   0.026732   0.031223   0.035725   0.040257   0.044843   0.049517   0.054319   0.059314   0.064671   0.070072   0.074394   0.077140   0.078677   0.079402   0.079605   0.079490   0.079019   0.077983   0.076159   0.073264   0.069158   0.063983   0.057895   0.051060   0.043553   0.035743   0.027650   0.018827   
0.025929   0.031981   0.038034   0.044112   0.050247   0.056490   0.062892   0.069524   0.076640   0.083883   0.089653   0.093323   0.095461   0.096645   0.097283   0.097626   0.097520   0.096534   0.094165   0.090074   0.084341   0.077263   0.069176   0.060240   0.050562   0.040738   0.029952   0.019232   0.008265   -0.003247   
0.036142   0.044078   0.052055   0.060136   0.068395   0.076876   0.085807   0.095343   0.103705   0.109370   0.112835   0.114991   0.116461   0.117673   0.118471   0.118110   0.115713   0.110793   0.103647   0.094832   0.084762   0.073747   0.062212   0.049949   0.036800   0.023625   0.009731   -0.004709   -0.019526   -0.033959   
0.048495   0.058726   0.069120   0.079751   0.090642   0.102299   0.114183   0.123482   0.129511   0.133383   0.136168   0.138599   0.140914   0.142151   0.140770   0.135919   0.127960   0.117703   0.105807   0.092764   0.079131   0.064679   0.049365   0.033023   0.016535   -0.000899   -0.019242   -0.036956   -0.054934   -0.072083   
0.063170   0.076257   0.089602   0.103216   0.117904   0.132304   0.143038   0.150091   0.154976   0.159000   0.163070   0.166903   0.168237   0.165070   0.157469   0.146487   0.133129   0.118223   0.102594   0.085853   0.068517   0.049638   0.030179   0.009437   -0.012051   -0.033373   -0.055335   -0.076824   -0.097113   -0.115849   
0.080478   0.096892   0.113516   0.131493   0.148967   0.161951   0.170758   0.177264   0.183131   0.189533   0.195225   0.196307   0.191213   0.180967   0.167043   0.150723   0.133323   0.114654   0.095360   0.074332   0.052304   0.028391   0.003776   -0.021282   -0.046830   -0.073050   -0.098469   -0.122342   -0.144993   -0.166196   
0.100488   0.120416   0.141890   0.163214   0.179449   0.190841   0.199593   0.207861   0.217274   0.225266   0.226245   0.219477   0.206822   0.190220   0.171668   0.151291   0.130287   0.107437   0.083207   0.057051   0.029253   0.000877   -0.028475   -0.058346   -0.088905   -0.119218   -0.147480   -0.174383   -0.199694   -0.223122   
0.122767   0.147841   0.173762   0.194413   0.209346   0.221045   0.232199   0.245278   0.256323   0.257823   0.249930   0.235321   0.217025   0.195784   0.173514   0.149031   0.123192   0.095081   0.064935   0.033483   0.000977   -0.032372   -0.066503   -0.102171   -0.137188   -0.171085   -0.203047   -0.232752   -0.261133   -0.287879   
0.148096   0.179027   0.205371   0.224943   0.240454   0.254939   0.272198   0.287490   0.290608   0.282370   0.266466   0.246940   0.224128   0.198995   0.171431   0.142318   0.110781   0.077550   0.042534   0.005642   -0.032044   -0.070960   -0.111463   -0.152021   -0.191948   -0.229481   -0.264930   -0.298746   -0.330644   -0.360400   
0.177313   0.210508   0.235986   0.256351   0.274737   0.296357   0.317458   0.323762   0.316259   0.301190   0.279906   0.256223   0.227829   0.198109   0.165237   0.131261   0.094530   0.055994   0.014881   -0.026997   -0.070601   -0.115196   -0.161990   -0.208580   -0.252750   -0.294558   -0.334649   -0.372604   -0.407884   -0.441810   
0.207718   0.240513   0.266821   0.290048   0.315875   0.344315   0.355968   0.350618   0.336322   0.316578   0.290596   0.260846   0.228012   0.193435   0.156113   0.117105   0.074802   0.030041   -0.016237   -0.064026   -0.113757   -0.165949   -0.219429   -0.271053   -0.320149   -0.367345   -0.412342   -0.454091   -0.494162   -0.532417   
0.236133   0.269519   0.298850   0.328915   0.365498   0.385271   0.385100   0.372352   0.353510   0.326852   0.296751   0.261949   0.225457   0.185822   0.144265   0.099168   0.051803   0.000859   -0.052201   -0.106116   -0.163139   -0.222705   -0.282677   -0.340016   -0.395174   -0.448167   -0.497588   -0.544677   -0.589799   -0.632169   
0.261538   0.298121   0.333586   0.377812   0.408816   0.414537   0.408128   0.390438   0.365514   0.334699   0.300255   0.261676   0.220594   0.176570   0.129124   0.078979   0.024582   -0.032724   -0.091536   -0.152927   -0.218148   -0.285904   -0.352295   -0.416346   -0.477968   -0.536580   -0.591817   -0.644436   -0.694909   -0.741552   
0.284720   0.326702   0.377333   0.422585   0.438162   0.436951   0.425129   0.403151   0.373758   0.340187   0.301418   0.259687   0.213774   0.164819   0.112099   0.054943   -0.005198   -0.069315   -0.135941   -0.205371   -0.279496   -0.355100   -0.428967   -0.500140   -0.568892   -0.633789   -0.695053   -0.754204   -0.810126   -0.860592   
0.307204   0.361758   0.420839   0.449529   0.458110   0.453160   0.437036   0.412315   0.380862   0.343444   0.301914   0.255330   0.205211   0.150860   0.091680   0.028789   -0.039124   -0.110491   -0.184558   -0.263170   -0.346795   -0.431042   -0.512609   -0.592097   -0.668370   -0.739704   -0.808283   -0.874231   -0.935498   -0.989526   
0.332804   0.401726   0.442789   0.462795   0.470892   0.463533   0.446021   0.419732   0.386146   0.346192   0.300643   0.249922   0.194742   0.134302   0.069561   -0.001162   -0.076033   -0.155258   -0.238118   -0.327046   -0.420685   -0.513213   -0.604068   -0.692779   -0.776209   -0.855346   -0.931878   -1.004795   -1.071270   -1.128675   
0.365936   0.416090   0.445721   0.466820   0.476429   0.470728   0.452948   0.426190   0.390248   0.347328   0.297803   0.242903   0.182095   0.116432   0.044017   -0.033627   -0.116903   -0.204533   -0.297100   -0.397040   -0.500418   -0.603081   -0.704147   -0.801703   -0.893374   -0.981184   -1.066214   -1.146184   -1.217714   -1.278490   
0.377426   0.410996   0.439423   0.463144   0.476929   0.474426   0.458643   0.430621   0.393174   0.347042   0.294014   0.234045   0.168516   0.095536   0.016409   -0.069636   -0.161331   -0.258307   -0.361584   -0.472627   -0.587314   -0.700726   -0.812603   -0.919584   -1.020245   -1.117729   -1.211625   -1.298682   -1.375135   -1.439566   
0.368504   0.399976   0.429329   0.454618   0.473023   0.476531   0.462025   0.434209   0.394733   0.346000   0.289109   0.224625   0.152275   0.073019   -0.014336   -0.108717   -0.209338   -0.316388   -0.431118   -0.555072   -0.681236   -0.806372   -0.930068   -1.046639   -1.157463   -1.265381   -1.368440   -1.462585   -1.543908   -1.612596   
0.353579   0.387388   0.417792   0.443776   0.466513   0.475960   0.464258   0.436357   0.395624   0.344026   0.283022   0.212846   0.134833   0.047745   -0.047691   -0.150847   -0.261553   -0.379542   -0.507055   -0.643748   -0.782281   -0.920977   -1.056418   -1.183355   -1.305560   -1.424506   -1.536984   -1.638196   -1.724505   -1.798330   
0.336182   0.372998   0.404764   0.432124   0.457191   0.472471   0.464737   0.437774   0.395648   0.341078   0.275292   0.200235   0.115007   0.020283   -0.083572   -0.196646   -0.317787   -0.447805   -0.588763   -0.739324   -0.891533   -1.044539   -1.191898   -1.330315   -1.464967   -1.595464   -1.717570   -1.825846   -1.917480   -1.997535   
0.315874   0.356686   0.390494   0.419884   0.446117   0.467211   0.464136   0.438236   0.394782   0.337209   0.266997   0.185580   0.093370   -0.009202   -0.122618   -0.245231   -0.377613   -0.520584   -0.676896   -0.841929   -1.009228   -1.177222   -1.336866   -1.488091   -1.636062   -1.778605   -1.910513   -2.025904   -2.123440   -2.210958   
0.293929   0.337828   0.375116   0.406346   0.435001   0.459182   0.462197   0.437722   0.393089   0.331937   0.257017   0.169448   0.069888   -0.041399   -0.164516   -0.297974   -0.442439   -0.599521   -0.771453   -0.951912   -1.135764   -1.319153   -1.491750   -1.657162   -1.819213   -1.974266   -2.116149   -2.238796   -2.343018   -2.439308   
0.269549   0.317788   0.357960   0.392667   0.422660   0.449919   0.458858   0.436298   0.390078   0.325753   0.245802   0.151901   0.044729   -0.075928   -0.208743   -0.354396   -0.511454   -0.683741   -0.872612   -1.069674   -1.271415   -1.470495   -1.657075   -1.837939   -2.014786   -2.182787   -2.334813   -2.465008   -2.576855   -2.683244   
0.243012   0.295602   0.340211   0.377464   0.410314   0.439495   0.454153   0.433459   0.386294   0.318519   0.233523   0.133027   0.017369   -0.112250   -0.256683   -0.414231   -0.585508   -0.774197   -0.980599   -1.195655   -1.416406   -1.631488   -1.833370   -2.030790   -2.223139   -2.404509   -2.566863   -2.705056   -2.825580   -2.943390   
0.214451   0.272267   0.320530   0.361923   0.397317   0.428407   0.447530   0.429731   0.381563   0.310433   0.220209   0.112351   -0.011314   -0.151733   -0.307400   -0.478292   -0.664482   -0.870728   -1.095668   -1.330267   -1.570923   -1.802429   -2.021104   -2.236075   -2.444625   -2.639775   -2.812673   -2.959471   -3.089801   -3.220332   
0.183608   0.246639   0.300121   0.345380   0.383688   0.416250   0.439525   0.425074   0.376032   0.301611   0.205371   0.090400   -0.042671   -0.193406   -0.361680   -0.546402   -0.748567   -0.973529   -1.218100   -1.473855   -1.735132   -1.983699   -2.220697   -2.454153   -2.679598   -2.888936   -3.072647   -3.228789   -3.370111   -3.514637   
0.151392   0.219794   0.278324   0.327880   0.368850   0.403529   0.430307   0.419440   0.369677   0.291441   0.189311   0.066949   -0.076080   -0.238034   -0.419305   -0.618702   -0.837954   -1.082793   -1.348201   -1.626686   -1.909191   -2.175745   -2.432523   -2.685379   -2.928411   -3.152354   -3.347216   -3.513538   -3.667094   -3.826861   


#  Thrust coefficient

0.083543   0.082946   0.082314   0.081658   0.080991   0.080325   0.079675   0.079054   0.078476   0.077957   0.077512   0.077159   0.076917   0.076804   0.076832   0.076953   0.077026   0.076836   0.076222   0.075138   0.073636   0.071811   0.069776   0.067604   0.065317   0.062876   0.060233   0.057296   0.053974   0.050203   
0.097681   0.097065   0.096456   0.095870   0.095326   0.094843   0.094441   0.094142   0.093970   0.093948   0.094103   0.094452   0.094938   0.095351   0.095364   0.094741   0.093456   0.091617   0.089385   0.086937   0.084351   0.081584   0.078541   0.075131   0.071160   0.066548   0.061262   0.055372   0.049020   0.042256   
0.114478   0.113984   0.113556   0.113219   0.113002   0.112933   0.113044   0.113368   0.113939   0.114762   0.115691   0.116340   0.116246   0.115233   0.113406   0.110995   0.108267   0.105418   0.102379   0.098969   0.095019   0.090244   0.084455   0.077742   0.070257   0.062186   0.053612   0.045026   0.036483   0.027276   
0.134194   0.133984   0.133926   0.134058   0.134420   0.135054   0.136003   0.137286   0.138729   0.139816   0.139903   0.138788   0.136664   0.133894   0.130867   0.127791   0.124441   0.120498   0.115549   0.109191   0.101423   0.092504   0.082774   0.072407   0.061535   0.051007   0.039626   0.028686   0.018054   0.007499   
0.157043   0.157317   0.157862   0.158729   0.159973   0.161643   0.163648   0.165486   0.166266   0.165524   0.163452   0.160537   0.157337   0.154213   0.150858   0.146693   0.141006   0.133229   0.123549   0.112464   0.100380   0.087620   0.074776   0.061598   0.047716   0.034321   0.020577   0.007081   -0.005857   -0.017856   
0.183242   0.184240   0.185661   0.187574   0.190013   0.192699   0.194737   0.195078   0.193616   0.190863   0.187593   0.184477   0.181483   0.177694   0.171959   0.163371   0.152146   0.138996   0.124537   0.109270   0.093943   0.078247   0.061984   0.045060   0.028470   0.011600   -0.005004   -0.019735   -0.034182   -0.047411   
0.213016   0.215013   0.217624   0.220851   0.224215   0.226454   0.226499   0.224553   0.221458   0.218241   0.215602   0.212866   0.208232   0.200013   0.188060   0.173275   0.156558   0.138715   0.120781   0.102161   0.083495   0.063569   0.043557   0.022748   0.002193   -0.016440   -0.034277   -0.050924   -0.065879   -0.078633   
0.246596   0.249903   0.253928   0.258044   0.260679   0.260701   0.258556   0.255424   0.252577   0.250769   0.248405   0.242420   0.231343   0.215944   0.197505   0.177210   0.156606   0.135236   0.113894   0.091147   0.067885   0.043171   0.018525   -0.005228   -0.027311   -0.048175   -0.067260   -0.084139   -0.098928   -0.110995   
0.284221   0.289046   0.294038   0.297386   0.297733   0.295685   0.292743   0.290476   0.289858   0.288032   0.280568   0.266633   0.247771   0.225702   0.202649   0.178377   0.154281   0.128734   0.102288   0.074438   0.045573   0.017156   -0.010741   -0.036625   -0.060632   -0.082929   -0.102314   -0.119298   -0.133120   -0.143465   
0.326023   0.332006   0.336435   0.337521   0.335869   0.333278   0.331671   0.332579   0.331738   0.323059   0.306484   0.284262   0.259573   0.232753   0.205923   0.177334   0.147968   0.116860   0.084407   0.051538   0.018811   -0.013126   -0.043121   -0.071290   -0.096554   -0.119491   -0.139306   -0.155063   -0.167445   -0.177068   
0.371727   0.377576   0.379876   0.378945   0.376830   0.375831   0.378462   0.379432   0.370216   0.351350   0.326024   0.298870   0.269206   0.238192   0.205139   0.171401   0.135943   0.099709   0.062748   0.025174   -0.011404   -0.046442   -0.079048   -0.108254   -0.135024   -0.158067   -0.176923   -0.191701   -0.203086   -0.211604   
0.420489   0.424511   0.424687   0.423180   0.422666   0.426841   0.430826   0.422142   0.401562   0.375533   0.344060   0.312149   0.275555   0.238927   0.199743   0.160796   0.120055   0.078806   0.036334   -0.004934   -0.045265   -0.082341   -0.116773   -0.148021   -0.175165   -0.197717   -0.215663   -0.229408   -0.239607   -0.247438   
0.471072   0.472806   0.472092   0.471967   0.476963   0.485258   0.478682   0.457245   0.429166   0.397463   0.360031   0.319930   0.277778   0.235293   0.191294   0.147149   0.100976   0.053920   0.007442   -0.037947   -0.081168   -0.121110   -0.157502   -0.189470   -0.216595   -0.238589   -0.255469   -0.267932   -0.277584   -0.284340   
0.522947   0.523304   0.523538   0.528357   0.541585   0.539355   0.520438   0.489698   0.455512   0.413757   0.370482   0.323507   0.276819   0.228486   0.180140   0.129792   0.078979   0.026613   -0.025138   -0.073943   -0.120085   -0.162067   -0.199911   -0.232476   -0.259504   -0.280502   -0.296040   -0.308059   -0.316788   -0.321866   
0.576452   0.577088   0.581148   0.598121   0.603234   0.585281   0.558420   0.519852   0.475802   0.427464   0.377673   0.325647   0.273335   0.220236   0.165702   0.110548   0.053238   -0.004217   -0.059495   -0.112161   -0.161067   -0.205319   -0.244131   -0.277196   -0.303332   -0.323141   -0.338277   -0.349385   -0.356865   -0.360119   
0.632525   0.635561   0.652947   0.668783   0.655425   0.627678   0.590447   0.543636   0.491538   0.438256   0.382146   0.325915   0.267923   0.209495   0.149690   0.087765   0.025662   -0.036790   -0.096968   -0.152941   -0.204410   -0.250276   -0.290288   -0.322954   -0.348191   -0.367462   -0.381757   -0.392047   -0.398017   -0.398882   
0.692731   0.707057   0.733495   0.726320   0.702198   0.664456   0.616725   0.563168   0.506198   0.446439   0.386080   0.323630   0.260823   0.196700   0.130453   0.063398   -0.005117   -0.072483   -0.136342   -0.195607   -0.249568   -0.297346   -0.337652   -0.369834   -0.394562   -0.413018   -0.426745   -0.435938   -0.440042   -0.438056   
0.762658   0.797665   0.799084   0.775370   0.742859   0.694562   0.640066   0.581033   0.518810   0.454331   0.388101   0.320417   0.251907   0.181447   0.109900   0.035912   -0.037784   -0.110021   -0.177901   -0.240559   -0.296937   -0.345602   -0.386338   -0.418197   -0.442132   -0.460176   -0.473148   -0.481012   -0.482859   -0.477587   
0.860329   0.871538   0.849913   0.817482   0.775424   0.721788   0.661673   0.598168   0.530355   0.460479   0.388538   0.315637   0.240906   0.165170   0.086388   0.006703   -0.073048   -0.149963   -0.221775   -0.287565   -0.345611   -0.395796   -0.436555   -0.467703   -0.491324   -0.508857   -0.520963   -0.527222   -0.526391   -0.517506   
0.950501   0.927189   0.893334   0.851732   0.803608   0.745893   0.682562   0.613289   0.540775   0.465191   0.388109   0.309074   0.229212   0.146172   0.061367   -0.025049   -0.110309   -0.192073   -0.267689   -0.335938   -0.396416   -0.447470   -0.487888   -0.518816   -0.542078   -0.559087   -0.570179   -0.574510   -0.570585   -0.557928   
1.014055   0.974798   0.930616   0.881514   0.828652   0.769559   0.701356   0.627890   0.549860   0.469256   0.386616   0.302161   0.215065   0.125932   0.033903   -0.058718   -0.149423   -0.235831   -0.314980   -0.386559   -0.448859   -0.500336   -0.540801   -0.571465   -0.594444   -0.610887   -0.620773   -0.622821   -0.615434   -0.599015   
1.068167   1.019500   0.965534   0.908794   0.852724   0.791290   0.719585   0.641199   0.558456   0.472447   0.384102   0.293036   0.199992   0.103403   0.004648   -0.094161   -0.190733   -0.281729   -0.364580   -0.438728   -0.502624   -0.554826   -0.595202   -0.625728   -0.648460   -0.664267   -0.672713   -0.672109   -0.660988   -0.640945   
1.120036   1.061988   0.998859   0.935749   0.874785   0.810904   0.736432   0.654096   0.566303   0.474831   0.380082   0.283298   0.182844   0.079244   -0.026239   -0.131756   -0.233856   -0.329539   -0.415772   -0.492715   -0.558135   -0.610785   -0.651162   -0.681661   -0.704157   -0.719225   -0.725962   -0.722347   -0.707333   -0.683892   
1.168202   1.102633   1.032054   0.962729   0.895449   0.829701   0.752764   0.666292   0.573484   0.476415   0.375687   0.271736   0.164259   0.053658   -0.059188   -0.170577   -0.278215   -0.378409   -0.468846   -0.548372   -0.615182   -0.668256   -0.708746   -0.739307   -0.761555   -0.775748   -0.780487   -0.773529   -0.754574   -0.728004   
1.216523   1.142017   1.065384   0.988999   0.916510   0.846489   0.768263   0.677868   0.580012   0.476815   0.369800   0.258967   0.144242   0.026131   -0.093779   -0.211631   -0.324848   -0.429653   -0.523652   -0.605666   -0.673772   -0.727288   -0.768019   -0.798699   -0.820669   -0.833819   -0.836265   -0.825677   -0.802815   -0.773382   
1.263912   1.182213   1.098098   1.016018   0.936756   0.862762   0.782971   0.688835   0.585480   0.476492   0.362881   0.245079   0.123017   -0.002883   -0.129448   -0.254385   -0.372895   -0.482278   -0.580157   -0.664583   -0.733920   -0.787934   -0.829027   -0.859863   -0.881506   -0.893419   -0.893275   -0.878835   -0.852157   -0.820090   
1.311502   1.221995   1.131697   1.042373   0.957593   0.878423   0.796871   0.698766   0.590419   0.475312   0.355140   0.230162   0.100198   -0.032841   -0.167254   -0.298488   -0.422858   -0.536899   -0.638346   -0.725113   -0.795647   -0.850246   -0.891808   -0.922820   -0.944064   -0.954533   -0.951502   -0.933059   -0.902677   -0.868160   
1.359372   1.262681   1.164750   1.069452   0.978477   0.893818   0.809491   0.708173   0.594635   0.473520   0.346564   0.213878   0.076595   -0.064797   -0.206314   -0.344444   -0.474488   -0.593215   -0.698206   -0.787257   -0.858978   -0.914275   -0.956394   -0.987587   -1.008337   -1.017145   -1.010939   -0.988403   -0.954432   -0.917603   
1.406915   1.303033   1.198656   1.096675   0.999432   0.908608   0.821321   0.717010   0.598332   0.471160   0.336807   0.196700   0.051168   -0.097871   -0.247137   -0.391995   -0.527773   -0.651217   -0.759725   -0.851016   -0.923944   -0.980061   -1.022810   -1.054176   -1.074318   -1.081241   -1.071592   -1.044916   -1.007472   -0.968414   
1.454847   1.344249   1.232814   1.124093   1.019993   0.923307   0.832489   0.725254   0.601476   0.467767   0.326149   0.178533   0.024490   -0.132569   -0.289464   -0.441124   -0.582706   -0.710892   -0.822897   -0.916398   -0.990584   -1.047638   -1.091073   -1.122592   -1.141998   -1.146810   -1.133480   -1.102635   -1.061836   -1.020583   


# Torque coefficient

0.003234   0.004440   0.005622   0.006784   0.007928   0.009059   0.010181   0.011299   0.012416   0.013539   0.014672   0.015822   0.016997   0.018204   0.019456   0.020781   0.022153   0.023395   0.024315   0.024862   0.025114   0.025145   0.025014   0.024760   0.024395   0.023899   0.023238   0.022372   0.021264   0.019889   
0.004834   0.006254   0.007658   0.009049   0.010432   0.011814   0.013199   0.014594   0.016005   0.017443   0.018918   0.020445   0.022063   0.023759   0.025281   0.026358   0.026987   0.027287   0.027355   0.027265   0.027056   0.026712   0.026180   0.025418   0.024343   0.022940   0.021201   0.019160   0.016864   0.014337   
0.006607   0.008296   0.009975   0.011651   0.013331   0.015022   0.016733   0.018477   0.020269   0.022133   0.024132   0.026147   0.027760   0.028785   0.029358   0.029629   0.029704   0.029661   0.029486   0.029099   0.028418   0.027338   0.025806   0.023875   0.021603   0.019053   0.016252   0.013337   0.010318   0.007025   
0.008576   0.010578   0.012579   0.014590   0.016619   0.018684   0.020801   0.022995   0.025348   0.027744   0.029652   0.030866   0.031573   0.031965   0.032176   0.032289   0.032254   0.031928   0.031144   0.029791   0.027895   0.025554   0.022879   0.019924   0.016723   0.013474   0.009906   0.006361   0.002734   -0.001074   
0.010734   0.013091   0.015460   0.017860   0.020313   0.022832   0.025484   0.028316   0.030800   0.032482   0.033511   0.034152   0.034588   0.034948   0.035185   0.035078   0.034366   0.032905   0.030782   0.028165   0.025174   0.021902   0.018476   0.014834   0.010929   0.007016   0.002890   -0.001399   -0.005799   -0.010085   
0.013069   0.015826   0.018628   0.021492   0.024428   0.027569   0.030772   0.033278   0.034902   0.035946   0.036696   0.037352   0.037976   0.038309   0.037937   0.036630   0.034484   0.031720   0.028514   0.024999   0.021325   0.017431   0.013304   0.008900   0.004456   -0.000242   -0.005186   -0.009960   -0.014805   -0.019426   
0.015581   0.018809   0.022101   0.025459   0.029082   0.032634   0.035281   0.037021   0.038226   0.039218   0.040222   0.041168   0.041497   0.040716   0.038841   0.036132   0.032837   0.029160   0.025306   0.021176   0.016900   0.012243   0.007444   0.002328   -0.002973   -0.008232   -0.013649   -0.018949   -0.023953   -0.028575   
0.018300   0.022032   0.025812   0.029900   0.033873   0.036825   0.038828   0.040307   0.041641   0.043097   0.044392   0.044637   0.043479   0.041149   0.037983   0.034272   0.030316   0.026071   0.021684   0.016902   0.011893   0.006456   0.000859   -0.004839   -0.010648   -0.016611   -0.022391   -0.027819   -0.032969   -0.037791   
0.021194   0.025397   0.029926   0.034423   0.037847   0.040250   0.042096   0.043840   0.045825   0.047511   0.047717   0.046290   0.043621   0.040119   0.036206   0.031909   0.027479   0.022659   0.017549   0.012033   0.006170   0.000185   -0.006006   -0.012306   -0.018751   -0.025144   -0.031105   -0.036779   -0.042117   -0.047058   
0.024143   0.029074   0.034172   0.038233   0.041169   0.043470   0.045664   0.048236   0.050408   0.050703   0.049151   0.046278   0.042680   0.038502   0.034123   0.029308   0.024227   0.018699   0.012770   0.006585   0.000192   -0.006366   -0.013078   -0.020093   -0.026979   -0.033645   -0.039931   -0.045772   -0.051354   -0.056614   
0.027281   0.032979   0.037832   0.041437   0.044294   0.046963   0.050142   0.052959   0.053533   0.052016   0.049086   0.045489   0.041287   0.036657   0.031580   0.026217   0.020407   0.014286   0.007835   0.001039   -0.005903   -0.013072   -0.020533   -0.028004   -0.035359   -0.042273   -0.048803   -0.055032   -0.060908   -0.066390   
0.030719   0.036470   0.040884   0.044412   0.047597   0.051343   0.054998   0.056091   0.054791   0.052180   0.048493   0.044390   0.039471   0.034322   0.028627   0.022741   0.016377   0.009701   0.002578   -0.004677   -0.012231   -0.019957   -0.028064   -0.036136   -0.043788   -0.051031   -0.057977   -0.064552   -0.070664   -0.076542   
0.033965   0.039327   0.043629   0.047427   0.051650   0.056300   0.058206   0.057331   0.054993   0.051765   0.047516   0.042652   0.037283   0.031629   0.025527   0.019148   0.012231   0.004912   -0.002655   -0.010469   -0.018601   -0.027135   -0.035880   -0.044321   -0.052349   -0.060066   -0.067423   -0.074250   -0.080802   -0.087057   
0.036557   0.041726   0.046267   0.050921   0.056585   0.059646   0.059620   0.057646   0.054729   0.050602   0.045942   0.040554   0.034904   0.028768   0.022334   0.015353   0.008020   0.000133   -0.008082   -0.016428   -0.025257   -0.034478   -0.043763   -0.052640   -0.061179   -0.069383   -0.077035   -0.084325   -0.091310   -0.097870   
0.038445   0.043823   0.049036   0.055537   0.060095   0.060936   0.059994   0.057393   0.053729   0.049200   0.044137   0.038466   0.032427   0.025955   0.018981   0.011610   0.003613   -0.004810   -0.013455   -0.022480   -0.032067   -0.042027   -0.051786   -0.061202   -0.070260   -0.078876   -0.086995   -0.094730   -0.102150   -0.109006   
0.039841   0.045715   0.052800   0.059132   0.061312   0.061142   0.059488   0.056413   0.052300   0.047602   0.042177   0.036338   0.029913   0.023063   0.015686   0.007688   -0.000727   -0.009699   -0.019022   -0.028738   -0.039110   -0.049689   -0.060025   -0.069985   -0.079605   -0.088686   -0.097259   -0.105536   -0.113361   -0.120422   
0.041015   0.048299   0.056187   0.060017   0.061163   0.060502   0.058349   0.055049   0.050849   0.045854   0.040309   0.034089   0.027398   0.020142   0.012240   0.003844   -0.005224   -0.014752   -0.024641   -0.035136   -0.046301   -0.057549   -0.068439   -0.079051   -0.089235   -0.098759   -0.107915   -0.116719   -0.124899   -0.132113   
0.042484   0.051282   0.056524   0.059078   0.060112   0.059172   0.056937   0.053581   0.049294   0.044193   0.038379   0.031904   0.024860   0.017144   0.008880   -0.000148   -0.009706   -0.019820   -0.030397   -0.041749   -0.053703   -0.065514   -0.077112   -0.088437   -0.099087   -0.109189   -0.118959   -0.128267   -0.136753   -0.144081   
0.044751   0.050884   0.054508   0.057088   0.058263   0.057566   0.055392   0.052119   0.047724   0.042475   0.036419   0.029705   0.022269   0.014239   0.005383   -0.004112   -0.014296   -0.025013   -0.036333   -0.048555   -0.061197   -0.073752   -0.086111   -0.098041   -0.109252   -0.119991   -0.130389   -0.140169   -0.148916   -0.156349   
0.044295   0.048235   0.051571   0.054355   0.055973   0.055679   0.053827   0.050538   0.046143   0.040729   0.034506   0.027468   0.019777   0.011212   0.001926   -0.008173   -0.018934   -0.030315   -0.042436   -0.055468   -0.068927   -0.082238   -0.095367   -0.107923   -0.119736   -0.131177   -0.142197   -0.152414   -0.161386   -0.168948   
0.041571   0.045122   0.048433   0.051286   0.053363   0.053758   0.052122   0.048984   0.044530   0.039033   0.032615   0.025340   0.017178   0.008237   -0.001617   -0.012265   -0.023616   -0.035692   -0.048635   -0.062619   -0.076851   -0.090968   -0.104923   -0.118073   -0.130575   -0.142750   -0.154376   -0.164997   -0.174171   -0.181920   
0.038399   0.042071   0.045373   0.048195   0.050664   0.051690   0.050419   0.047389   0.042966   0.037362   0.030737   0.023116   0.014643   0.005185   -0.005179   -0.016382   -0.028405   -0.041219   -0.055067   -0.069912   -0.084957   -0.100020   -0.114729   -0.128515   -0.141787   -0.154704   -0.166920   -0.177912   -0.187285   -0.195303   
0.035197   0.039051   0.042377   0.045242   0.047866   0.049466   0.048656   0.045833   0.041423   0.035709   0.028822   0.020964   0.012041   0.002124   -0.008750   -0.020588   -0.033271   -0.046883   -0.061641   -0.077404   -0.093340   -0.109359   -0.124787   -0.139278   -0.153376   -0.167038   -0.179822   -0.191158   -0.200752   -0.209133   
0.031922   0.036047   0.039463   0.042434   0.045085   0.047217   0.046906   0.044288   0.039897   0.034079   0.026983   0.018755   0.009436   -0.000930   -0.012392   -0.024783   -0.038162   -0.052610   -0.068407   -0.085086   -0.101993   -0.118970   -0.135104   -0.150387   -0.165341   -0.179747   -0.193077   -0.204739   -0.214596   -0.223440   
0.028708   0.032995   0.036637   0.039687   0.042486   0.044848   0.045142   0.042752   0.038393   0.032420   0.025103   0.016550   0.006826   -0.004043   -0.016068   -0.029103   -0.043213   -0.058555   -0.075347   -0.092972   -0.110929   -0.128841   -0.145698   -0.161854   -0.177681   -0.192825   -0.206682   -0.218661   -0.228840   -0.238245   
0.025472   0.030030   0.033826   0.037106   0.039941   0.042516   0.043361   0.041229   0.036862   0.030783   0.023228   0.014354   0.004227   -0.007175   -0.019726   -0.033490   -0.048331   -0.064612   -0.082460   -0.101082   -0.120146   -0.138959   -0.156590   -0.173682   -0.190393   -0.206269   -0.220635   -0.232938   -0.243508   -0.253561   
0.022242   0.027055   0.031138   0.034548   0.037555   0.040225   0.041567   0.039673   0.035356   0.029153   0.021373   0.012175   0.001590   -0.010274   -0.023493   -0.037913   -0.053589   -0.070859   -0.089751   -0.109434   -0.129639   -0.149324   -0.167802   -0.185871   -0.203476   -0.220076   -0.234936   -0.247584   -0.258615   -0.269398   
0.019030   0.024160   0.028443   0.032116   0.035256   0.038015   0.039712   0.038133   0.033858   0.027547   0.019540   0.009970   -0.001004   -0.013464   -0.027277   -0.042442   -0.058963   -0.077265   -0.097225   -0.118043   -0.139397   -0.159940   -0.179345   -0.198420   -0.216926   -0.234243   -0.249585   -0.262612   -0.274176   -0.285759   
0.015811   0.021238   0.025844   0.029741   0.033040   0.035844   0.037848   0.036603   0.032380   0.025972   0.017685   0.007784   -0.003674   -0.016654   -0.031144   -0.047051   -0.064460   -0.083831   -0.104891   -0.126915   -0.149413   -0.170818   -0.191226   -0.211329   -0.230742   -0.248768   -0.264588   -0.278033   -0.290202   -0.302648   
0.012662   0.018383   0.023278   0.027423   0.030849   0.033750   0.035989   0.035080   0.030918   0.024375   0.015833   0.005599   -0.006363   -0.019908   -0.035069   -0.051746   -0.070083   -0.090561   -0.112758   -0.136050   -0.159677   -0.181971   -0.203447   -0.224595   -0.244921   -0.263651   -0.279948   -0.293859   -0.306702   -0.320064   

