# ----- Rotor performance tables for the WISDEM tuning wind turbine ----- 
# ------------ Written on Jun-02-21 using the ROSCO toolbox ------------ 

# Pitch angle vector, 30 entries - x axis (matrix columns) (deg)
-5.0   -3.793   -2.586   -1.379   -0.1724   1.034   2.241   3.448   4.655   5.862   7.069   8.276   9.483   10.69   11.9   13.1   14.31   15.52   16.72   17.93   19.14   20.34   21.55   22.76   23.97   25.17   26.38   27.59   28.79   30.0   
# TSR vector, 30 entries - y axis (matrix rows) (-)
2.0    2.345    2.69    3.034    3.379    3.724    4.069    4.414    4.759    5.103    5.448    5.793    6.138    6.483    6.828    7.172    7.517    7.862    8.207    8.552    8.897    9.241    9.586    9.931    10.28    10.62    10.97    11.31    11.66    12.0    
# Wind speed vector - z axis (m/s)
10.09    

# Power coefficient

0.005622   0.008248   0.010821   0.013342   0.015815   0.018245   0.020640   0.023006   0.025353   0.027689   0.030023   0.032367   0.034735   0.037142   0.039611   0.042162   0.044829   0.047617   0.050259   0.052347   0.053712   0.054480   0.054849   0.054990   0.054978   0.054812   0.054338   0.053336   0.051653   0.049136   
0.010322   0.013902   0.017422   0.020890   0.024316   0.027711   0.031087   0.034457   0.037836   0.041244   0.044706   0.048255   0.051916   0.055730   0.059751   0.063576   0.066479   0.068298   0.069361   0.069988   0.070416   0.070719   0.070721   0.070088   0.068464   0.065608   0.061602   0.056635   0.050889   0.044571   
0.016448   0.021252   0.026001   0.030707   0.035388   0.040063   0.044754   0.049492   0.054322   0.059288   0.064395   0.069734   0.075310   0.080149   0.083380   0.085358   0.086666   0.087728   0.088744   0.089484   0.089314   0.087621   0.084043   0.078811   0.072340   0.064978   0.056946   0.048893   0.039799   0.030155   
0.024191   0.030532   0.036831   0.043113   0.049406   0.055756   0.062232   0.068881   0.075669   0.082693   0.090124   0.096629   0.100913   0.103643   0.105706   0.107704   0.109818   0.111333   0.110967   0.107892   0.102249   0.094728   0.085950   0.076315   0.066685   0.055768   0.044054   0.032632   0.020646   0.007713   
0.033710   0.041945   0.050171   0.058438   0.066842   0.075457   0.084218   0.093070   0.102487   0.111693   0.118271   0.122485   0.125781   0.129116   0.132918   0.135916   0.135890   0.131889   0.124586   0.115021   0.104070   0.092220   0.080324   0.067058   0.053849   0.038867   0.023769   0.008087   -0.007972   -0.023915   
0.045164   0.055708   0.066348   0.077224   0.088314   0.099392   0.110636   0.122745   0.133434   0.140512   0.145655   0.150580   0.156477   0.162212   0.164011   0.160219   0.151981   0.140854   0.127924   0.113950   0.099772   0.084304   0.068541   0.051155   0.033169   0.014202   -0.005414   -0.024535   -0.044703   -0.064348   
0.058732   0.072171   0.085922   0.099787   0.113428   0.127380   0.142435   0.155067   0.163566   0.170544   0.178281   0.187710   0.193855   0.192441   0.184623   0.172724   0.158312   0.142404   0.126083   0.108825   0.089876   0.070840   0.049750   0.027512   0.004694   -0.017993   -0.041793   -0.065852   -0.089057   -0.110662   
0.074788   0.091818   0.108802   0.125321   0.142201   0.160627   0.176209   0.187110   0.196758   0.208614   0.221548   0.226335   0.221427   0.210261   0.195318   0.178084   0.159957   0.140615   0.119964   0.098156   0.074896   0.049846   0.023669   -0.002945   -0.030049   -0.057934   -0.086219   -0.113474   -0.139420   -0.163683   
0.093691   0.114226   0.134014   0.153987   0.176216   0.196028   0.210374   0.223489   0.240686   0.256447   0.259276   0.251629   0.237927   0.220556   0.201499   0.180160   0.157950   0.134141   0.108660   0.081727   0.052869   0.022892   -0.008418   -0.039724   -0.071765   -0.104621   -0.137157   -0.167853   -0.196714   -0.223528   
0.114821   0.138381   0.161658   0.187834   0.213178   0.232225   0.249570   0.272976   0.291269   0.292676   0.283384   0.267991   0.249083   0.227815   0.204367   0.178868   0.151565   0.122917   0.091817   0.059393   0.025359   -0.010010   -0.045809   -0.082713   -0.120453   -0.158559   -0.194872   -0.228837   -0.261023   -0.291364   
0.137162   0.164173   0.194035   0.225813   0.251162   0.273512   0.303838   0.325010   0.326296   0.316524   0.300939   0.281089   0.257513   0.231953   0.202846   0.172875   0.140571   0.106717   0.070874   0.032642   -0.006991   -0.047943   -0.089594   -0.132165   -0.176350   -0.218829   -0.259062   -0.297463   -0.333643   -0.367287   
0.160389   0.193626   0.231744   0.265208   0.293562   0.331465   0.356481   0.359268   0.350936   0.335294   0.314953   0.290549   0.261805   0.231626   0.198240   0.163310   0.126256   0.086789   0.044601   0.000998   -0.044564   -0.090906   -0.138859   -0.189039   -0.238658   -0.285950   -0.331341   -0.374410   -0.414145   -0.452083   
0.185799   0.228988   0.271859   0.307739   0.353849   0.383915   0.390135   0.384193   0.371113   0.350646   0.325444   0.296660   0.263335   0.228304   0.190350   0.150796   0.108004   0.062801   0.014506   -0.035041   -0.086840   -0.139890   -0.195463   -0.252416   -0.307697   -0.360942   -0.412022   -0.459137   -0.503847   -0.546717   
0.216346   0.268307   0.313656   0.368444   0.405025   0.416662   0.415715   0.404369   0.387006   0.361205   0.332598   0.298890   0.262150   0.222458   0.180148   0.134686   0.086887   0.034988   -0.019778   -0.075991   -0.134157   -0.194696   -0.258537   -0.322495   -0.384444   -0.444487   -0.500442   -0.552985   -0.603388   -0.650967   
0.252349   0.308320   0.372443   0.416438   0.436206   0.440266   0.435393   0.420104   0.398641   0.369927   0.337323   0.299657   0.259042   0.214490   0.167166   0.116469   0.061589   0.003107   -0.058084   -0.121292   -0.187127   -0.256274   -0.328427   -0.399982   -0.469633   -0.535945   -0.597795   -0.656605   -0.712872   -0.765191   
0.288804   0.359746   0.412500   0.441832   0.456112   0.457870   0.449002   0.431923   0.406716   0.376333   0.339710   0.299015   0.253406   0.204527   0.151785   0.094521   0.033811   -0.031714   -0.100564   -0.171687   -0.245837   -0.324280   -0.405577   -0.485432   -0.563020   -0.636211   -0.704597   -0.770316   -0.832864   -0.889320   
0.329619   0.390723   0.427816   0.453762   0.467203   0.469046   0.459021   0.440630   0.414165   0.380865   0.341400   0.296081   0.246526   0.192476   0.133483   0.070570   0.001945   -0.071034   -0.147384   -0.227087   -0.310350   -0.399469   -0.490064   -0.579015   -0.665433   -0.745213   -0.821377   -0.894868   -0.963386   -1.023449   
0.355899   0.398297   0.429719   0.452853   0.470973   0.474182   0.466424   0.447392   0.420097   0.384115   0.341355   0.292154   0.237842   0.177982   0.113621   0.042902   -0.032783   -0.113838   -0.199056   -0.287489   -0.381681   -0.481660   -0.582044   -0.681997   -0.776235   -0.864108   -0.949109   -1.030368   -1.104615   -1.167720   
0.357615   0.394866   0.422050   0.446050   0.467264   0.476671   0.470705   0.453010   0.424040   0.386109   0.339773   0.286725   0.227129   0.162296   0.090455   0.012837   -0.071371   -0.161046   -0.255061   -0.353885   -0.459470   -0.570651   -0.683257   -0.793612   -0.896271   -0.993547   -1.087964   -1.177092   -1.256730   -1.322416   
0.350863   0.383912   0.411819   0.436421   0.459060   0.474795   0.473603   0.456474   0.427101   0.386667   0.337268   0.279574   0.215587   0.143715   0.065360   -0.020665   -0.113461   -0.212350   -0.316293   -0.425685   -0.544068   -0.668070   -0.793540   -0.914248   -1.026136   -1.134051   -1.238288   -1.335300   -1.419928   -1.488027   
0.336224   0.370111   0.399535   0.425370   0.449286   0.470097   0.474165   0.458865   0.428713   0.386449   0.333235   0.271943   0.201502   0.123637   0.037241   -0.057185   -0.159120   -0.268097   -0.382055   -0.504138   -0.636110   -0.773759   -0.912710   -1.043948   -1.166604   -1.286017   -1.400420   -1.505241   -1.594452   -1.665201   
0.317217   0.353931   0.385280   0.413692   0.438815   0.462377   0.472237   0.459583   0.429576   0.385270   0.329002   0.262056   0.186291   0.100970   0.006553   -0.096453   -0.208354   -0.327878   -0.453632   -0.589158   -0.735398   -0.888679   -1.041347   -1.183261   -1.318257   -1.449815   -1.574686   -1.687165   -1.780656   -1.854673   
0.295405   0.335055   0.369955   0.400159   0.427771   0.452655   0.468254   0.459338   0.429453   0.383093   0.322734   0.251370   0.168914   0.076154   -0.026673   -0.139331   -0.261684   -0.392657   -0.530832   -0.680648   -0.842997   -1.012884   -1.179187   -1.332930   -1.481529   -1.625818   -1.761394   -1.881334   -1.979031   -2.057225   
0.271207   0.314843   0.352521   0.386006   0.415574   0.442692   0.462524   0.457834   0.428330   0.379470   0.315929   0.238862   0.149750   0.049273   -0.062423   -0.185455   -0.318761   -0.461825   -0.613547   -0.779414   -0.959263   -1.146584   -1.326398   -1.493628   -1.656808   -1.814391   -1.960850   -2.088027   -2.190149   -2.273660   
0.244292   0.292384   0.334032   0.370445   0.403094   0.431585   0.455017   0.455048   0.426264   0.375470   0.307567   0.224885   0.128951   0.020324   -0.101193   -0.234373   -0.379885   -0.535873   -0.702593   -0.885521   -1.084616   -1.289897   -1.483426   -1.665881   -1.844471   -2.015889   -2.173353   -2.307577   -2.414623   -2.504760   
0.214859   0.267687   0.313672   0.354389   0.389253   0.420344   0.446088   0.451003   0.422765   0.370076   0.297985   0.209606   0.106500   -0.011180   -0.142135   -0.287399   -0.445597   -0.615411   -0.797970   -0.999376   -1.219307   -1.442855   -1.650891   -1.850098   -2.044897   -2.230658   -2.399211   -2.540405   -2.653090   -2.751268   
0.183210   0.240978   0.292401   0.336633   0.375118   0.408425   0.436084   0.445169   0.418326   0.363621   0.287346   0.193109   0.081910   -0.044649   -0.186624   -0.343698   -0.515314   -0.699871   -0.899936   -1.121484   -1.363565   -1.605480   -1.829406   -2.046653   -2.258455   -2.459042   -2.638744   -2.787000   -2.906197   -3.013880   
0.149177   0.212922   0.269004   0.318230   0.360123   0.395845   0.424871   0.437993   0.412940   0.356210   0.275511   0.174792   0.055483   -0.080465   -0.234105   -0.403990   -0.589901   -0.790259   -1.008758   -1.252351   -1.517621   -1.777940   -2.019524   -2.255914   -2.485513   -2.701381   -2.892272   -3.047875   -3.174578   -3.293238   
0.114217   0.182359   0.244587   0.298602   0.344273   0.382121   0.413041   0.429550   0.406513   0.347926   0.262795   0.155047   0.027861   -0.119059   -0.284262   -0.468117   -0.669175   -0.886412   -1.124712   -1.392365   -1.681684   -1.960611   -2.221710   -2.478251   -2.726434   -2.958023   -3.160137   -3.323555   -3.458864   -3.589934   
0.080650   0.150651   0.218566   0.277778   0.327015   0.367716   0.400655   0.419778   0.399259   0.338850   0.248620   0.134485   -0.002412   -0.159740   -0.337930   -0.536194   -0.753290   -0.988536   -1.248092   -1.541791   -1.855888   -2.153983   -2.436351   -2.714032   -2.981584   -3.229315   -3.442718   -3.614565   -3.759676   -3.904540   


#  Thrust coefficient

0.092573   0.091931   0.091242   0.090513   0.089754   0.088975   0.088190   0.087411   0.086652   0.085927   0.085250   0.084638   0.084108   0.083680   0.083372   0.083201   0.083145   0.083097   0.082869   0.082276   0.081228   0.079776   0.078072   0.076279   0.074452   0.072578   0.070526   0.068073   0.065066   0.061320   
0.107761   0.107054   0.106327   0.105595   0.104876   0.104186   0.103545   0.102972   0.102489   0.102122   0.101894   0.101831   0.101958   0.102254   0.102558   0.102576   0.102019   0.100797   0.099064   0.097091   0.095102   0.093133   0.091011   0.088427   0.085057   0.080630   0.075177   0.068906   0.061981   0.054618   
0.125638   0.124969   0.124328   0.123738   0.123224   0.122814   0.122539   0.122432   0.122525   0.122851   0.123440   0.124202   0.124815   0.124806   0.123885   0.122181   0.120089   0.118024   0.116106   0.114072   0.111365   0.107430   0.101872   0.094851   0.086754   0.077929   0.068608   0.059723   0.049786   0.039422   
0.146407   0.145907   0.145505   0.145239   0.145149   0.145277   0.145662   0.146348   0.147375   0.148639   0.149695   0.149897   0.148900   0.147012   0.144852   0.142990   0.141431   0.139476   0.136034   0.130302   0.122305   0.112658   0.101955   0.090609   0.079806   0.067720   0.054996   0.043042   0.030760   0.017777   
0.170246   0.170083   0.170126   0.170428   0.171040   0.172011   0.173396   0.175159   0.176872   0.177748   0.177158   0.175405   0.173342   0.171825   0.170996   0.169575   0.165686   0.158378   0.148164   0.135963   0.122644   0.108697   0.095343   0.080650   0.066527   0.050621   0.035012   0.019182   0.003826   -0.010268   
0.197355   0.197752   0.198496   0.199648   0.201269   0.203392   0.205802   0.207752   0.208265   0.207124   0.205299   0.204003   0.204090   0.204140   0.200909   0.192857   0.180876   0.166375   0.150418   0.133792   0.117665   0.100363   0.083309   0.064726   0.045918   0.026487   0.007071   -0.010374   -0.027564   -0.043524   
0.227974   0.229187   0.230911   0.233204   0.236038   0.239015   0.241183   0.241530   0.240355   0.239143   0.239547   0.241816   0.241259   0.234190   0.221430   0.205086   0.186684   0.167292   0.148300   0.128678   0.107548   0.087045   0.064554   0.041335   0.018138   -0.003780   -0.025054   -0.044832   -0.062910   -0.078746   
0.262340   0.264640   0.267590   0.271082   0.274628   0.277196   0.277788   0.277087   0.277036   0.280092   0.284339   0.281434   0.269921   0.252775   0.232449   0.210497   0.188659   0.165984   0.142413   0.118094   0.092795   0.066040   0.038719   0.011874   -0.014133   -0.038668   -0.061304   -0.081750   -0.100039   -0.115370   
0.300669   0.304240   0.308345   0.312512   0.315763   0.317067   0.317238   0.318768   0.325391   0.330913   0.324808   0.309143   0.288077   0.264176   0.239905   0.213661   0.187427   0.159916   0.131226   0.101702   0.070718   0.039423   0.007809   -0.022177   -0.050320   -0.076226   -0.100031   -0.120994   -0.138518   -0.152009   
0.343013   0.347694   0.352527   0.356731   0.359196   0.360543   0.363913   0.374769   0.381198   0.371983   0.352796   0.328282   0.301657   0.273806   0.244537   0.213652   0.181527   0.148861   0.114279   0.079244   0.043553   0.007735   -0.026749   -0.059581   -0.089384   -0.116783   -0.141084   -0.161198   -0.177034   -0.189531   
0.389036   0.394531   0.399840   0.403854   0.406650   0.411909   0.427550   0.435129   0.423562   0.401515   0.375077   0.345763   0.313570   0.280552   0.244201   0.208188   0.170597   0.132489   0.093389   0.052874   0.012398   -0.027476   -0.065232   -0.099537   -0.131271   -0.159309   -0.183020   -0.201948   -0.216751   -0.228239   
0.438407   0.444808   0.450632   0.455178   0.462172   0.483030   0.492621   0.479748   0.456723   0.427424   0.395034   0.359890   0.320777   0.281854   0.240447   0.198815   0.156301   0.112601   0.067338   0.022281   -0.022714   -0.065611   -0.105733   -0.142509   -0.175171   -0.203237   -0.226038   -0.243866   -0.257475   -0.268173   
0.491432   0.499105   0.505734   0.514247   0.540526   0.553232   0.540450   0.516534   0.487116   0.450967   0.411558   0.369986   0.324705   0.279619   0.232951   0.186470   0.138120   0.088860   0.038084   -0.011654   -0.060704   -0.106869   -0.149409   -0.187463   -0.220699   -0.248375   -0.270157   -0.286726   -0.299752   -0.309536   
0.548941   0.557929   0.567924   0.599345   0.616306   0.605182   0.583194   0.550313   0.513789   0.468816   0.423880   0.375073   0.325343   0.274581   0.223208   0.170497   0.117347   0.061780   0.005592   -0.048945   -0.101450   -0.150458   -0.195037   -0.234254   -0.267806   -0.294679   -0.315147   -0.331234   -0.343504   -0.351774   
0.611479   0.623117   0.660041   0.680645   0.674578   0.651176   0.621301   0.580110   0.535336   0.484736   0.433098   0.378582   0.323857   0.267428   0.210661   0.152732   0.092642   0.031246   -0.029781   -0.088732   -0.144953   -0.196601   -0.242678   -0.282990   -0.316197   -0.341779   -0.361862   -0.377311   -0.388379   -0.394907   
0.679956   0.720725   0.744329   0.742089   0.724239   0.693759   0.652571   0.605329   0.552329   0.497677   0.439490   0.380625   0.319607   0.258319   0.195877   0.131387   0.065979   -0.001238   -0.067729   -0.131304   -0.190780   -0.244591   -0.292514   -0.333196   -0.365376   -0.390648   -0.410179   -0.424685   -0.434528   -0.438678   
0.777904   0.808673   0.808905   0.793872   0.767533   0.729297   0.680238   0.626837   0.569142   0.508411   0.445396   0.380095   0.314239   0.247212   0.178303   0.108445   0.035913   -0.037056   -0.108243   -0.176183   -0.238513   -0.294933   -0.344038   -0.384293   -0.416311   -0.440948   -0.459896   -0.473618   -0.481743   -0.482916   
0.878448   0.878926   0.864008   0.836358   0.804513   0.757851   0.705626   0.646556   0.584344   0.517915   0.449379   0.378706   0.307100   0.233750   0.159498   0.082266   0.003852   -0.074935   -0.151425   -0.222967   -0.288695   -0.347129   -0.396642   -0.437179   -0.468607   -0.492991   -0.511353   -0.523949   -0.529910   -0.527481   
0.954168   0.940495   0.910903   0.874812   0.834133   0.785395   0.727983   0.665531   0.597431   0.526158   0.451769   0.375804   0.297986   0.219366   0.137734   0.054316   -0.030972   -0.115492   -0.196516   -0.272236   -0.340634   -0.400585   -0.451174   -0.491354   -0.522660   -0.546739   -0.564422   -0.575621   -0.578911   -0.572318   
1.023750   0.993027   0.954059   0.908303   0.860379   0.809187   0.749952   0.682383   0.609908   0.532931   0.453328   0.371201   0.288280   0.202323   0.114505   0.023710   -0.068002   -0.158210   -0.244084   -0.323099   -0.394375   -0.456153   -0.507212   -0.547242   -0.578448   -0.602213   -0.619099   -0.628565   -0.628639   -0.617497   
1.084089   1.043764   0.993749   0.939526   0.885432   0.831817   0.770065   0.698665   0.620978   0.539077   0.453364   0.366350   0.276189   0.184136   0.088799   -0.008971   -0.107115   -0.203211   -0.293204   -0.376273   -0.450183   -0.513129   -0.564544   -0.604825   -0.636024   -0.659437   -0.675363   -0.682705   -0.679024   -0.663167   
1.141540   1.090844   1.031250   0.970893   0.910150   0.852155   0.788278   0.713487   0.631566   0.544343   0.453438   0.359353   0.263236   0.163762   0.061189   -0.043326   -0.148132   -0.249813   -0.344688   -0.431398   -0.507516   -0.571877   -0.623702   -0.664186   -0.695425   -0.718428   -0.733181   -0.737970   -0.730061   -0.709511   
1.195748   1.134819   1.069020   1.000927   0.934748   0.870899   0.805150   0.727828   0.641353   0.548808   0.451568   0.351781   0.248416   0.141725   0.031819   -0.080019   -0.191341   -0.298793   -0.398137   -0.488135   -0.566730   -0.632266   -0.684566   -0.725383   -0.756680   -0.779192   -0.792513   -0.794301   -0.781816   -0.756722   
1.248835   1.179672   1.105627   1.031526   0.958654   0.889814   0.821128   0.741297   0.650436   0.551976   0.449384   0.342616   0.232155   0.118189   0.000788   -0.118532   -0.236273   -0.349333   -0.453228   -0.546861   -0.627642   -0.694327   -0.747214   -0.788465   -0.819808   -0.841724   -0.853317   -0.851654   -0.834387   -0.804987   
1.300824   1.224014   1.142934   1.061578   0.983077   0.907907   0.835950   0.753989   0.658832   0.555021   0.445860   0.332232   0.214687   0.093182   -0.032204   -0.158362   -0.282986   -0.401642   -0.510359   -0.607370   -0.690257   -0.758102   -0.811710   -0.853469   -0.884826   -0.906011   -0.915558   -0.910010   -0.887879   -0.854465   
1.352777   1.268059   1.179773   1.092358   1.006850   0.926404   0.849951   0.765889   0.666119   0.556917   0.441328   0.320874   0.195989   0.066386   -0.066321   -0.200467   -0.331812   -0.456109   -0.569320   -0.669643   -0.754597   -0.823638   -0.878100   -0.920418   -0.951745   -0.972036   -0.979204   -0.969391   -0.942401   -0.905271   
1.404854   1.312224   1.217481   1.122604   1.031229   0.944856   0.863343   0.776530   0.672802   0.557989   0.436018   0.308593   0.175736   0.038388   -0.102599   -0.244044   -0.382108   -0.512018   -0.630093   -0.733668   -0.820682   -0.890993   -0.946424   -0.989330   -1.020571   -1.039783   -1.044225   -1.029846   -0.998053   -0.957485   
1.456037   1.357300   1.254738   1.153597   1.055729   0.963273   0.875952   0.786376   0.678883   0.558401   0.429779   0.294944   0.154251   0.008962   -0.140473   -0.289520   -0.434426   -0.570035   -0.692662   -0.799442   -0.888532   -0.960218   -1.016719   -1.060221   -1.091304   -1.109235   -1.110594   -1.091429   -1.054915   -1.011150   
1.506098   1.401805   1.292866   1.184817   1.080358   0.981217   0.888379   0.795516   0.684289   0.558244   0.422955   0.280327   0.132143   -0.022179   -0.179584   -0.336673   -0.488484   -0.629840   -0.757015   -0.866969   -0.958172   -1.031354   -1.089013   -1.133103   -1.163944   -1.180377   -1.178288   -1.154193   -1.113055   -1.066276   
1.552114   1.446834   1.331278   1.216292   1.104642   0.999189   0.900755   0.803831   0.689282   0.557561   0.415084   0.265291   0.108236   -0.054389   -0.220499   -0.385479   -0.544267   -0.691423   -0.823142   -0.936260   -1.029630   -1.104434   -1.163326   -1.207982   -1.238488   -1.253192   -1.247306   -1.218183   -1.172535   -1.122863   


# Torque coefficient

0.002821   0.004138   0.005429   0.006694   0.007935   0.009154   0.010356   0.011543   0.012720   0.013892   0.015063   0.016239   0.017427   0.018635   0.019874   0.021153   0.022492   0.023891   0.025216   0.026264   0.026949   0.027334   0.027519   0.027590   0.027584   0.027501   0.027263   0.026760   0.025916   0.024652   
0.004417   0.005949   0.007456   0.008940   0.010406   0.011859   0.013303   0.014745   0.016192   0.017650   0.019132   0.020650   0.022217   0.023849   0.025570   0.027207   0.028449   0.029227   0.029682   0.029950   0.030134   0.030263   0.030264   0.029993   0.029298   0.028076   0.026362   0.024236   0.021778   0.019074   
0.006136   0.007929   0.009700   0.011456   0.013202   0.014946   0.016697   0.018464   0.020266   0.022119   0.024024   0.026016   0.028096   0.029902   0.031107   0.031845   0.032333   0.032729   0.033108   0.033384   0.033321   0.032689   0.031354   0.029402   0.026988   0.024242   0.021245   0.018241   0.014848   0.011250   
0.007999   0.010096   0.012179   0.014256   0.016338   0.018437   0.020579   0.022778   0.025022   0.027345   0.029802   0.031953   0.033370   0.034273   0.034955   0.035616   0.036315   0.036816   0.036695   0.035678   0.033812   0.031325   0.028422   0.025236   0.022052   0.018441   0.014568   0.010791   0.006827   0.002550   
0.010010   0.012455   0.014898   0.017353   0.019848   0.022406   0.025007   0.027636   0.030432   0.033166   0.035119   0.036370   0.037349   0.038339   0.039468   0.040358   0.040351   0.039163   0.036994   0.034154   0.030902   0.027384   0.023851   0.019912   0.015990   0.011541   0.007058   0.002401   -0.002367   -0.007101   
0.012169   0.015010   0.017877   0.020807   0.023796   0.026781   0.029810   0.033073   0.035953   0.037860   0.039246   0.040573   0.042162   0.043707   0.044192   0.043170   0.040950   0.037952   0.034468   0.030703   0.026883   0.022715   0.018468   0.013783   0.008937   0.003827   -0.001459   -0.006611   -0.012045   -0.017338   
0.014484   0.017798   0.021189   0.024608   0.027972   0.031413   0.035126   0.038241   0.040337   0.042058   0.043966   0.046291   0.047806   0.047458   0.045530   0.042595   0.039041   0.035118   0.031093   0.026837   0.022164   0.017470   0.012269   0.006785   0.001157   -0.004437   -0.010307   -0.016240   -0.021962   -0.027290   
0.017003   0.020874   0.024735   0.028491   0.032328   0.036517   0.040060   0.042538   0.044731   0.047427   0.050367   0.051456   0.050340   0.047801   0.044404   0.040486   0.036365   0.031968   0.027273   0.022315   0.017027   0.011332   0.005381   -0.000669   -0.006832   -0.013171   -0.019601   -0.025798   -0.031696   -0.037212   
0.019756   0.024087   0.028259   0.032471   0.037159   0.041336   0.044361   0.047127   0.050753   0.054077   0.054673   0.053061   0.050171   0.046508   0.042490   0.037990   0.033307   0.028286   0.022913   0.017234   0.011148   0.004827   -0.001775   -0.008377   -0.015133   -0.022061   -0.028922   -0.035395   -0.041481   -0.047135   
0.022576   0.027209   0.031785   0.036932   0.041915   0.045660   0.049071   0.053673   0.057270   0.057546   0.055719   0.052693   0.048975   0.044793   0.040183   0.035169   0.029801   0.024168   0.018053   0.011678   0.004986   -0.001968   -0.009007   -0.016263   -0.023683   -0.031176   -0.038316   -0.044994   -0.051322   -0.057288   
0.025262   0.030237   0.035737   0.041589   0.046258   0.050375   0.055960   0.059859   0.060096   0.058296   0.055426   0.051770   0.047428   0.042720   0.037359   0.031840   0.025890   0.019655   0.013053   0.006012   -0.001288   -0.008830   -0.016501   -0.024342   -0.032480   -0.040303   -0.047713   -0.054786   -0.061449   -0.067646   
0.027782   0.033539   0.040141   0.045938   0.050849   0.057414   0.061747   0.062230   0.060787   0.058077   0.054554   0.050327   0.045348   0.040121   0.034338   0.028287   0.021869   0.015033   0.007726   0.000173   -0.007719   -0.015746   -0.024052   -0.032744   -0.041339   -0.049530   -0.057393   -0.064853   -0.071735   -0.078307   
0.030375   0.037436   0.044444   0.050310   0.057848   0.062763   0.063780   0.062809   0.060670   0.057325   0.053204   0.048499   0.043051   0.037324   0.031119   0.024653   0.017657   0.010267   0.002372   -0.005729   -0.014197   -0.022870   -0.031955   -0.041266   -0.050303   -0.059008   -0.067358   -0.075061   -0.082370   -0.089379   
0.033487   0.041530   0.048550   0.057030   0.062692   0.064494   0.064347   0.062591   0.059903   0.055910   0.051482   0.046264   0.040577   0.034433   0.027884   0.020848   0.013449   0.005416   -0.003061   -0.011762   -0.020766   -0.030136   -0.040018   -0.049918   -0.059507   -0.068801   -0.077462   -0.085595   -0.093396   -0.100761   
0.037088   0.045314   0.054738   0.061204   0.064109   0.064706   0.063989   0.061742   0.058588   0.054368   0.049576   0.044040   0.038071   0.031523   0.024568   0.017117   0.009052   0.000457   -0.008537   -0.017826   -0.027502   -0.037664   -0.048269   -0.058785   -0.069021   -0.078767   -0.087857   -0.096501   -0.104770   -0.112459   
0.040405   0.050330   0.057710   0.061814   0.063812   0.064058   0.062817   0.060427   0.056901   0.052650   0.047526   0.041833   0.035452   0.028614   0.021235   0.013224   0.004730   -0.004437   -0.014069   -0.024020   -0.034393   -0.045368   -0.056742   -0.067914   -0.078768   -0.089008   -0.098575   -0.107770   -0.116520   -0.124419   
0.043999   0.052156   0.057107   0.060571   0.062365   0.062611   0.061273   0.058818   0.055285   0.050840   0.045572   0.039523   0.032908   0.025693   0.017818   0.009420   0.000260   -0.009482   -0.019674   -0.030313   -0.041427   -0.053323   -0.065417   -0.077290   -0.088826   -0.099475   -0.109642   -0.119452   -0.128598   -0.136616   
0.045424   0.050835   0.054846   0.057798   0.060111   0.060520   0.059530   0.057101   0.053617   0.049025   0.043568   0.037288   0.030356   0.022716   0.014502   0.005476   -0.004184   -0.014529   -0.025406   -0.036693   -0.048714   -0.061475   -0.074287   -0.087044   -0.099072   -0.110287   -0.121136   -0.131507   -0.140983   -0.149037   
0.043725   0.048280   0.051603   0.054538   0.057132   0.058282   0.057552   0.055389   0.051847   0.047209   0.041543   0.035057   0.027771   0.019844   0.011060   0.001570   -0.008726   -0.019691   -0.031186   -0.043269   -0.056179   -0.069773   -0.083541   -0.097034   -0.109586   -0.121479   -0.133024   -0.143921   -0.153658   -0.161690   
0.041170   0.045048   0.048322   0.051209   0.053865   0.055712   0.055572   0.053562   0.050115   0.045371   0.039574   0.032805   0.025297   0.016863   0.007669   -0.002425   -0.013313   -0.024917   -0.037113   -0.049949   -0.063840   -0.078390   -0.093113   -0.107276   -0.120405   -0.133068   -0.145299   -0.156682   -0.166612   -0.174602   
0.037923   0.041745   0.045064   0.047978   0.050675   0.053022   0.053481   0.051756   0.048355   0.043588   0.037586   0.030673   0.022727   0.013945   0.004200   -0.006450   -0.017947   -0.030239   -0.043092   -0.056862   -0.071747   -0.087272   -0.102945   -0.117747   -0.131582   -0.145050   -0.157954   -0.169776   -0.179839   -0.187818   
0.034444   0.038430   0.041834   0.044919   0.047647   0.050206   0.051276   0.049902   0.046644   0.041833   0.035724   0.028454   0.020228   0.010964   0.000712   -0.010473   -0.022623   -0.035602   -0.049256   -0.063972   -0.079851   -0.096494   -0.113071   -0.128480   -0.143138   -0.157423   -0.170982   -0.183195   -0.193347   -0.201383   
0.030922   0.035072   0.038725   0.041887   0.044777   0.047382   0.049015   0.048082   0.044953   0.040101   0.033782   0.026312   0.017681   0.007971   -0.002792   -0.014585   -0.027392   -0.041102   -0.055565   -0.071247   -0.088241   -0.106024   -0.123432   -0.139526   -0.155080   -0.170184   -0.184375   -0.196930   -0.207157   -0.215342   
0.027403   0.031812   0.035619   0.039003   0.041990   0.044730   0.046734   0.046260   0.043279   0.038342   0.031922   0.024135   0.015131   0.004979   -0.006307   -0.018739   -0.032208   -0.046663   -0.061994   -0.078753   -0.096925   -0.115852   -0.134021   -0.150918   -0.167406   -0.183328   -0.198127   -0.210977   -0.221295   -0.229733   
0.023855   0.028551   0.032618   0.036174   0.039362   0.042145   0.044433   0.044436   0.041625   0.036665   0.030034   0.021960   0.012592   0.001985   -0.009882   -0.022887   -0.037096   -0.052328   -0.068609   -0.086472   -0.105913   -0.125959   -0.144857   -0.162674   -0.180114   -0.196853   -0.212229   -0.225336   -0.235789   -0.244591   
0.020300   0.025291   0.029636   0.033483   0.036777   0.039714   0.042146   0.042611   0.039943   0.034965   0.028154   0.019804   0.010062   -0.001056   -0.013429   -0.027154   -0.042100   -0.058144   -0.075392   -0.094421   -0.115200   -0.136321   -0.155976   -0.174798   -0.193202   -0.210753   -0.226678   -0.240018   -0.250664   -0.259940   
0.016765   0.022052   0.026757   0.030805   0.034327   0.037375   0.039906   0.040737   0.038281   0.033275   0.026295   0.017671   0.007496   -0.004086   -0.017078   -0.031451   -0.047156   -0.064045   -0.082352   -0.102626   -0.124779   -0.146916   -0.167407   -0.187287   -0.206669   -0.225025   -0.241469   -0.255036   -0.265943   -0.275797   
0.013235   0.018890   0.023866   0.028233   0.031950   0.035119   0.037694   0.038858   0.036636   0.031603   0.024443   0.015507   0.004922   -0.007139   -0.020770   -0.035842   -0.052336   -0.070111   -0.089496   -0.111107   -0.134642   -0.157737   -0.179170   -0.200143   -0.220513   -0.239664   -0.256600   -0.270405   -0.281646   -0.292173   
0.009833   0.015700   0.021058   0.025708   0.029640   0.032898   0.035560   0.036982   0.034998   0.029954   0.022625   0.013349   0.002399   -0.010250   -0.024473   -0.040302   -0.057612   -0.076315   -0.096831   -0.119875   -0.144783   -0.168797   -0.191277   -0.213363   -0.234730   -0.254669   -0.272070   -0.286139   -0.297789   -0.309073   
0.006744   0.012597   0.018277   0.023228   0.027345   0.030749   0.033503   0.035102   0.033386   0.028335   0.020790   0.011246   -0.000202   -0.013358   -0.028258   -0.044837   -0.062990   -0.082662   -0.104366   -0.128925   -0.155190   -0.180117   -0.203729   -0.226948   -0.249321   -0.270036   -0.287881   -0.302251   -0.314385   -0.326499   

