# ----- Rotor performance tables for the WISDEM tuning wind turbine ----- 
# ------------ Written on Apr-08-21 using the ROSCO toolbox ------------ 

# Pitch angle vector, 30 entries - x axis (matrix columns) (deg)
-5.0   -3.793   -2.586   -1.379   -0.1724   1.034   2.241   3.448   4.655   5.862   7.069   8.276   9.483   10.69   11.9   13.1   14.31   15.52   16.72   17.93   19.14   20.34   21.55   22.76   23.97   25.17   26.38   27.59   28.79   30.0   
# TSR vector, 30 entries - y axis (matrix rows) (-)
2.0    2.345    2.69    3.034    3.379    3.724    4.069    4.414    4.759    5.103    5.448    5.793    6.138    6.483    6.828    7.172    7.517    7.862    8.207    8.552    8.897    9.241    9.586    9.931    10.28    10.62    10.97    11.31    11.66    12.0    
# Wind speed vector - z axis (m/s)
10.37    

# Power coefficient

0.006325   0.008694   0.011017   0.013297   0.015542   0.017759   0.019955   0.022140   0.024323   0.026514   0.028723   0.030963   0.033247   0.035593   0.038023   0.040584   0.043267   0.045783   0.047729   0.048924   0.049487   0.049601   0.049400   0.048984   0.048388   0.047535   0.046341   0.044649   0.042449   0.039682   
0.011043   0.014309   0.017533   0.020726   0.023899   0.027064   0.030234   0.033424   0.036650   0.039931   0.043295   0.046771   0.050436   0.054311   0.057934   0.060637   0.062244   0.063022   0.063249   0.063131   0.062786   0.062189   0.061142   0.059446   0.056955   0.053621   0.049547   0.044814   0.039534   0.034060   
0.017260   0.021704   0.026121   0.030526   0.034937   0.039374   0.043859   0.048427   0.053115   0.057977   0.063158   0.068499   0.073017   0.076020   0.077695   0.078507   0.078820   0.078875   0.078681   0.077922   0.076210   0.073306   0.069139   0.063940   0.057907   0.051190   0.043853   0.036620   0.028119   0.020142   
0.025210   0.031148   0.037081   0.043036   0.049041   0.055144   0.061400   0.067861   0.074730   0.081867   0.087891   0.091911   0.094242   0.095538   0.096330   0.096936   0.097217   0.096520   0.094196   0.090004   0.084215   0.077179   0.069210   0.060442   0.051566   0.041451   0.030944   0.020433   0.009378   -0.002205   
0.035073   0.042854   0.050669   0.058576   0.066651   0.074939   0.083579   0.092828   0.101356   0.107480   0.111297   0.113613   0.115262   0.116798   0.118098   0.118049   0.115615   0.110582   0.103425   0.094698   0.084784   0.074317   0.063166   0.050602   0.038516   0.024947   0.010909   -0.003498   -0.017965   -0.032573   
0.046999   0.057020   0.067189   0.077592   0.088223   0.099433   0.111116   0.120819   0.127430   0.131663   0.134637   0.137378   0.140285   0.141975   0.140548   0.135547   0.127600   0.117471   0.105755   0.093327   0.080076   0.066025   0.050732   0.034387   0.017871   0.000051   -0.017418   -0.035442   -0.053287   -0.070414   
0.061150   0.073958   0.087033   0.100298   0.114385   0.128680   0.139990   0.147753   0.153059   0.157332   0.161927   0.166477   0.167910   0.164520   0.156900   0.146076   0.132934   0.118689   0.103153   0.087345   0.069819   0.051591   0.031533   0.010489   -0.010281   -0.031539   -0.053352   -0.074564   -0.094497   -0.113485   
0.077832   0.093935   0.110127   0.127341   0.144727   0.158411   0.168087   0.175142   0.181339   0.188481   0.194743   0.195608   0.190351   0.180261   0.166604   0.151051   0.133723   0.115991   0.096487   0.075900   0.053565   0.029797   0.005335   -0.019260   -0.044753   -0.070434   -0.095400   -0.119484   -0.142033   -0.163050   
0.097177   0.116627   0.137160   0.158277   0.175297   0.187718   0.197246   0.205949   0.216222   0.224491   0.225098   0.218341   0.205995   0.190300   0.171824   0.152522   0.131156   0.108703   0.084398   0.057872   0.031060   0.002425   -0.026325   -0.055938   -0.086046   -0.115429   -0.143956   -0.170788   -0.195546   -0.219197   
0.118670   0.142654   0.168064   0.189534   0.205613   0.218408   0.230162   0.244108   0.255106   0.256213   0.248526   0.234894   0.216868   0.196917   0.174086   0.149541   0.123685   0.095648   0.066256   0.035344   0.003001   -0.029857   -0.063859   -0.098278   -0.133166   -0.166890   -0.198269   -0.228149   -0.256431   -0.282842   
0.142655   0.172594   0.199665   0.220454   0.237358   0.252750   0.270823   0.285753   0.288518   0.280658   0.266485   0.247254   0.224789   0.198762   0.171866   0.142335   0.111483   0.078680   0.043896   0.007658   -0.029641   -0.067787   -0.107064   -0.147447   -0.186701   -0.224032   -0.259512   -0.293194   -0.324331   -0.353895   
0.170350   0.203893   0.230674   0.252509   0.272288   0.294789   0.315142   0.321149   0.314817   0.300239   0.280390   0.255637   0.228213   0.197295   0.165544   0.131381   0.095741   0.057305   0.017220   -0.024202   -0.066844   -0.111047   -0.156964   -0.202511   -0.246311   -0.288249   -0.328199   -0.365238   -0.400335   -0.433722   
0.200204   0.234374   0.262040   0.287052   0.314187   0.341453   0.352754   0.349452   0.335730   0.315339   0.289355   0.259912   0.227227   0.192803   0.156608   0.117478   0.075992   0.032608   -0.013640   -0.060567   -0.109516   -0.160294   -0.212643   -0.263620   -0.312819   -0.359928   -0.403897   -0.445451   -0.484939   -0.522062   
0.229146   0.263941   0.294865   0.327035   0.362301   0.381911   0.382918   0.372496   0.351921   0.326297   0.294952   0.261435   0.224538   0.186000   0.144333   0.100799   0.053478   0.003417   -0.048775   -0.101476   -0.157355   -0.215780   -0.274370   -0.331541   -0.386648   -0.438701   -0.487787   -0.534075   -0.578270   -0.619451   
0.255553   0.293121   0.330914   0.374734   0.404755   0.412331   0.406443   0.388806   0.363436   0.333412   0.298559   0.260808   0.220087   0.176310   0.130349   0.080289   0.027739   -0.028571   -0.087174   -0.147476   -0.211122   -0.277019   -0.342717   -0.406301   -0.467651   -0.525634   -0.579914   -0.631867   -0.681075   -0.725858   
0.279410   0.322634   0.374764   0.417601   0.436552   0.435355   0.422800   0.400131   0.372094   0.338083   0.300551   0.258455   0.213519   0.165232   0.112946   0.057755   -0.002038   -0.065016   -0.130175   -0.198257   -0.270460   -0.344708   -0.417488   -0.488571   -0.556921   -0.620541   -0.681193   -0.739216   -0.793389   -0.841461   
0.302246   0.358601   0.416023   0.447388   0.456812   0.450668   0.434261   0.409735   0.378345   0.342157   0.300278   0.254689   0.205109   0.151186   0.093968   0.031483   -0.034662   -0.104813   -0.177647   -0.254644   -0.336136   -0.418146   -0.499491   -0.579074   -0.653870   -0.724438   -0.792048   -0.856438   -0.915410   -0.966523   
0.328486   0.396917   0.441044   0.462959   0.467917   0.460647   0.443151   0.417205   0.384041   0.344507   0.299173   0.249310   0.194526   0.135953   0.071613   0.002811   -0.071079   -0.148800   -0.230076   -0.316735   -0.407304   -0.498830   -0.589551   -0.677275   -0.759504   -0.837707   -0.912937   -0.983796   -1.047365   -1.101435   
0.361869   0.416933   0.448143   0.466666   0.473660   0.467423   0.450541   0.423274   0.388090   0.345360   0.296688   0.242104   0.183078   0.117719   0.047288   -0.029274   -0.110820   -0.196991   -0.287482   -0.383975   -0.485255   -0.586769   -0.687445   -0.783821   -0.874169   -0.960923   -1.044211   -1.121543   -1.189527   -1.246735   
0.375826   0.414961   0.442038   0.462924   0.474067   0.471979   0.455434   0.428013   0.390678   0.345408   0.292612   0.234378   0.168992   0.097949   0.019913   -0.064235   -0.153964   -0.249069   -0.349413   -0.457735   -0.569481   -0.682138   -0.793822   -0.898925   -0.998408   -1.094539   -1.186183   -1.269935   -1.342244   -1.403079   
0.370827   0.403889   0.431175   0.454877   0.471293   0.473678   0.459069   0.431197   0.392549   0.344488   0.288323   0.224297   0.153771   0.075492   -0.009908   -0.102126   -0.201045   -0.305845   -0.417356   -0.537319   -0.660907   -0.785967   -0.908499   -1.023103   -1.132786   -1.238926   -1.339151   -1.429247   -1.505955   -1.571201   
0.357187   0.390241   0.418691   0.444302   0.464891   0.472389   0.461295   0.433613   0.393482   0.342568   0.282436   0.213433   0.136204   0.050995   -0.042199   -0.143463   -0.251881   -0.367283   -0.490597   -0.623435   -0.759824   -0.898252   -1.031709   -1.156858   -1.277769   -1.394433   -1.503400   -1.599791   -1.681190   -1.751870   
0.339619   0.374948   0.405051   0.432480   0.455626   0.469192   0.461444   0.435490   0.393482   0.339718   0.275001   0.200521   0.116958   0.024462   -0.077464   -0.187338   -0.305923   -0.432717   -0.569864   -0.716133   -0.866691   -1.019106   -1.163858   -1.300730   -1.433750   -1.561396   -1.679218   -1.781927   -1.868537   -1.945841   
0.319445   0.357211   0.390328   0.419263   0.445463   0.463204   0.461123   0.435291   0.392616   0.335491   0.266289   0.186254   0.096132   -0.004629   -0.115090   -0.235212   -0.364697   -0.503899   -0.655102   -0.815771   -0.981898   -1.148609   -1.305382   -1.455207   -1.601090   -1.740134   -1.866913   -1.976070   -2.068629   -2.153824   
0.297134   0.338233   0.373928   0.405825   0.433741   0.456284   0.458271   0.434635   0.390378   0.330219   0.256442   0.170433   0.073111   -0.035602   -0.155498   -0.286183   -0.427281   -0.579878   -0.746512   -0.922760   -1.105728   -1.286925   -1.456746   -1.620711   -1.780139   -1.930961   -2.066804   -2.182687   -2.282107   -2.376472   
0.272161   0.317111   0.356866   0.390984   0.422178   0.446704   0.454470   0.432465   0.387289   0.323965   0.245442   0.153461   0.048273   -0.068876   -0.199144   -0.340977   -0.494584   -0.661697   -0.844326   -1.037530   -1.238382   -1.434343   -1.618452   -1.797616   -1.971239   -2.134195   -2.279240   -2.402288   -2.509602   -2.614399   
0.245024   0.294883   0.337918   0.376296   0.408846   0.436592   0.448708   0.429360   0.383232   0.316838   0.233508   0.134691   0.022298   -0.104879   -0.245333   -0.399436   -0.566433   -0.749172   -0.948804   -1.160485   -1.380005   -1.591201   -1.790962   -1.986276   -2.174729   -2.350157   -2.504593   -2.635399   -2.751719   -2.868182   
0.215713   0.270284   0.318706   0.359659   0.395417   0.425094   0.441716   0.425128   0.378444   0.308930   0.220084   0.115157   -0.006337   -0.142875   -0.294935   -0.461675   -0.643002   -0.842492   -1.060248   -1.291961   -1.530719   -1.757867   -1.974682   -2.187035   -2.390946   -2.579182   -2.743260   -2.882554   -3.009046   -3.138376   
0.184546   0.244965   0.297163   0.342621   0.380785   0.412832   0.433308   0.419991   0.372935   0.299748   0.206192   0.093349   -0.036491   -0.183726   -0.347682   -0.527825   -0.724474   -0.941837   -1.178985   -1.432213   -1.690664   -1.934765   -2.169986   -2.400236   -2.620229   -2.821609   -2.995668   -3.144277   -3.282151   -3.425528   
0.151681   0.216904   0.274840   0.324065   0.365419   0.399907   0.423669   0.414107   0.366188   0.289878   0.190340   0.070430   -0.069014   -0.227133   -0.403670   -0.598020   -0.811028   -1.047388   -1.305351   -1.581461   -1.860053   -2.122345   -2.377224   -2.626218   -2.862916   -3.077783   -3.262261   -3.421093   -3.571584   -3.730180   


#  Thrust coefficient

0.082905   0.082306   0.081670   0.081008   0.080333   0.079656   0.078992   0.078353   0.077753   0.077208   0.076733   0.076346   0.076065   0.075908   0.075890   0.075984   0.076070   0.075937   0.075404   0.074400   0.072970   0.071214   0.069255   0.067191   0.065049   0.062755   0.060236   0.057340   0.054028   0.050242   
0.096780   0.096153   0.095530   0.094925   0.094359   0.093848   0.093413   0.093075   0.092857   0.092784   0.092880   0.093167   0.093614   0.094049   0.094149   0.093645   0.092470   0.090727   0.088591   0.086257   0.083838   0.081293   0.078453   0.075132   0.071184   0.066533   0.061246   0.055411   0.049152   0.042972   
0.113240   0.112720   0.112260   0.111885   0.111622   0.111500   0.111550   0.111804   0.112295   0.113041   0.113943   0.114662   0.114716   0.113861   0.112172   0.109891   0.107309   0.104666   0.101923   0.098799   0.094968   0.090188   0.084352   0.077633   0.070226   0.062290   0.053910   0.046139   0.036987   0.028791   
0.132535   0.132277   0.132162   0.132227   0.132512   0.133059   0.133907   0.135088   0.136487   0.137660   0.137939   0.137032   0.135094   0.132504   0.129685   0.126918   0.123980   0.120322   0.115416   0.108974   0.101172   0.092322   0.082741   0.072567   0.062800   0.051833   0.040733   0.030054   0.019187   0.008335   
0.154872   0.155069   0.155523   0.156287   0.157411   0.158948   0.160853   0.162725   0.163714   0.163242   0.161428   0.158754   0.155823   0.153086   0.150264   0.146410   0.140689   0.132811   0.123140   0.112183   0.100298   0.088270   0.075988   0.062312   0.049762   0.035797   0.021735   0.008072   -0.004706   -0.016970   
0.180462   0.181344   0.182631   0.184388   0.186664   0.189266   0.191429   0.192082   0.190967   0.188544   0.185605   0.182894   0.180544   0.177216   0.171437   0.162709   0.151517   0.138546   0.124329   0.109929   0.095161   0.079850   0.063617   0.046556   0.029850   0.012330   -0.003607   -0.018894   -0.033309   -0.046594   
0.209520   0.211352   0.213768   0.216796   0.220085   0.222533   0.222989   0.221488   0.218818   0.216033   0.214017   0.212025   0.207504   0.199071   0.187115   0.172546   0.156125   0.139257   0.121495   0.104051   0.085097   0.065822   0.044981   0.023660   0.003652   -0.015257   -0.033241   -0.049752   -0.064426   -0.077483   
0.242269   0.245341   0.249123   0.253149   0.256056   0.256595   0.255013   0.252416   0.250112   0.249152   0.247393   0.241206   0.229981   0.214784   0.196702   0.177562   0.157136   0.137006   0.115362   0.092999   0.069265   0.044543   0.019895   -0.003608   -0.026098   -0.046811   -0.065613   -0.082763   -0.097523   -0.109460   
0.278928   0.283453   0.288307   0.291956   0.292931   0.291579   0.289294   0.287691   0.288075   0.286598   0.278778   0.264883   0.246403   0.225695   0.202860   0.180067   0.155519   0.130322   0.103704   0.075228   0.047333   0.018445   -0.009094   -0.035251   -0.059298   -0.080914   -0.100664   -0.117636   -0.130982   -0.141714   
0.319623   0.325378   0.330084   0.331899   0.331087   0.329288   0.328462   0.330456   0.329706   0.320655   0.304326   0.283526   0.259361   0.234347   0.206859   0.178057   0.148617   0.117496   0.085737   0.053330   0.020557   -0.011169   -0.041576   -0.069153   -0.094671   -0.117616   -0.136941   -0.152827   -0.165354   -0.175051   
0.364171   0.370197   0.373292   0.373349   0.372169   0.372065   0.375823   0.376685   0.367138   0.348737   0.326140   0.299293   0.270383   0.237986   0.205834   0.171470   0.136689   0.100808   0.063949   0.026879   -0.009577   -0.044361   -0.076498   -0.106174   -0.132622   -0.155478   -0.174334   -0.189200   -0.200382   -0.209048   
0.411998   0.416815   0.418114   0.417692   0.418188   0.423531   0.427253   0.418292   0.399456   0.374146   0.345018   0.311487   0.276281   0.237979   0.200170   0.160844   0.121293   0.079952   0.038366   -0.002718   -0.042530   -0.079970   -0.114466   -0.145268   -0.172154   -0.194781   -0.212707   -0.226171   -0.236628   -0.244364   
0.462125   0.465081   0.465610   0.466601   0.472864   0.480743   0.473918   0.455806   0.428425   0.395996   0.358553   0.318870   0.276870   0.234532   0.191823   0.147418   0.102001   0.056278   0.009504   -0.035387   -0.078532   -0.118214   -0.154384   -0.186084   -0.213287   -0.235151   -0.251632   -0.264485   -0.274062   -0.280343   
0.513914   0.515667   0.517117   0.523382   0.536013   0.534611   0.517234   0.490526   0.453450   0.413319   0.368208   0.322934   0.275665   0.228667   0.180073   0.131364   0.080412   0.028702   -0.022570   -0.070732   -0.116804   -0.158871   -0.196197   -0.228793   -0.255582   -0.276063   -0.292036   -0.303912   -0.312343   -0.317048   
0.567525   0.569497   0.575041   0.591500   0.597150   0.582207   0.556181   0.517841   0.473090   0.425836   0.375522   0.324533   0.272699   0.219799   0.166879   0.111653   0.056029   -0.000724   -0.056316   -0.108776   -0.157504   -0.201284   -0.240099   -0.272625   -0.298459   -0.318506   -0.333528   -0.344581   -0.351668   -0.354255   
0.623671   0.628028   0.645705   0.659788   0.653303   0.625715   0.587152   0.539379   0.489310   0.435483   0.381028   0.324372   0.267522   0.209795   0.150356   0.090309   0.028308   -0.033474   -0.092927   -0.148762   -0.200038   -0.245913   -0.285275   -0.317545   -0.342892   -0.362030   -0.376408   -0.386423   -0.391846   -0.391850   
0.683767   0.698755   0.722691   0.721908   0.700237   0.660597   0.612505   0.559491   0.502737   0.444749   0.384001   0.322787   0.260570   0.196850   0.132557   0.065732   -0.001429   -0.068197   -0.131773   -0.191077   -0.244861   -0.291748   -0.331794   -0.363892   -0.388382   -0.407017   -0.420612   -0.429404   -0.432787   -0.429755   
0.753130   0.783514   0.791553   0.774813   0.737344   0.689611   0.635615   0.577357   0.515977   0.452135   0.386264   0.319600   0.251503   0.182970   0.111725   0.039357   -0.033870   -0.105397   -0.173014   -0.235479   -0.290979   -0.339572   -0.379843   -0.411260   -0.435369   -0.453419   -0.466156   -0.473485   -0.474402   -0.467970   
0.846074   0.863994   0.848161   0.815073   0.769668   0.716101   0.657827   0.594097   0.527492   0.457994   0.387140   0.314613   0.241796   0.166324   0.089351   0.010354   -0.068359   -0.144881   -0.216308   -0.281225   -0.339264   -0.388878   -0.428938   -0.460130   -0.483802   -0.501279   -0.513047   -0.518605   -0.516625   -0.506589   
0.935817   0.924183   0.890379   0.847630   0.797533   0.741453   0.677773   0.609718   0.537567   0.463163   0.386428   0.309325   0.229616   0.148448   0.064476   -0.020591   -0.104815   -0.185995   -0.260945   -0.329253   -0.388968   -0.439336   -0.479546   -0.510428   -0.533753   -0.550630   -0.561271   -0.564694   -0.559440   -0.545771   
1.006791   0.972264   0.926603   0.877096   0.824165   0.764763   0.697109   0.623926   0.547133   0.467420   0.385721   0.301798   0.216544   0.128256   0.037813   -0.053425   -0.143489   -0.229296   -0.307924   -0.378784   -0.440366   -0.491394   -0.531554   -0.562240   -0.585271   -0.601500   -0.610793   -0.611699   -0.602889   -0.585702   
1.062919   1.014447   0.960280   0.904929   0.848328   0.785971   0.715481   0.637735   0.555890   0.470851   0.383498   0.293700   0.201386   0.106480   0.009394   -0.088411   -0.184026   -0.274498   -0.356443   -0.430136   -0.493289   -0.544868   -0.585035   -0.615642   -0.638392   -0.653895   -0.661569   -0.659589   -0.647059   -0.626575   
1.111882   1.055319   0.993561   0.932121   0.870458   0.806301   0.732265   0.651322   0.563959   0.473477   0.379942   0.283744   0.184875   0.083136   -0.021064   -0.124608   -0.225733   -0.320677   -0.406858   -0.483117   -0.547715   -0.599794   -0.640058   -0.670686   -0.693147   -0.707805   -0.713559   -0.708364   -0.692060   -0.668556   
1.159457   1.094710   1.026807   0.958435   0.892351   0.824668   0.749254   0.663156   0.571354   0.474941   0.375263   0.272684   0.167083   0.057897   -0.052903   -0.163103   -0.269766   -0.369265   -0.458965   -0.537696   -0.603643   -0.656216   -0.696696   -0.727409   -0.749560   -0.763210   -0.766735   -0.758048   -0.738009   -0.711760   
1.207274   1.134749   1.059408   0.985346   0.913142   0.842983   0.764313   0.674914   0.577640   0.475523   0.369669   0.260310   0.147560   0.031438   -0.086354   -0.203023   -0.315165   -0.419171   -0.512736   -0.593854   -0.661082   -0.714188   -0.755006   -0.785840   -0.807643   -0.820088   -0.821076   -0.808689   -0.785016   -0.756258   
1.254181   1.174222   1.092757   1.011646   0.934776   0.859297   0.779106   0.685561   0.583322   0.475344   0.363129   0.247073   0.126713   0.003506   -0.121697   -0.244786   -0.362493   -0.471076   -0.568150   -0.651581   -0.720050   -0.773765   -0.815031   -0.846008   -0.867395   -0.878420   -0.876571   -0.860346   -0.833171   -0.802084   
1.301593   1.214581   1.125572   1.039178   0.955241   0.875665   0.792588   0.695677   0.588289   0.474522   0.355868   0.232423   0.105192   -0.026178   -0.158245   -0.288164   -0.411462   -0.524644   -0.625190   -0.710875   -0.780572   -0.835000   -0.876807   -0.907934   -0.928810   -0.938188   -0.933219   -0.913084   -0.882539   -0.849250   
1.348895   1.254468   1.159749   1.065784   0.976349   0.891174   0.805436   0.705056   0.592824   0.473108   0.347440   0.217294   0.081776   -0.056923   -0.196590   -0.333123   -0.462055   -0.579860   -0.683842   -0.771736   -0.842683   -0.897941   -0.940360   -0.971631   -0.991882   -0.999377   -0.991032   -0.966958   -0.933171   -0.897751   
1.396600   1.295807   1.193118   1.093185   0.997025   0.906456   0.817404   0.713981   0.596858   0.470748   0.338724   0.200481   0.057468   -0.089330   -0.236425   -0.379641   -0.514261   -0.636709   -0.744096   -0.834171   -0.906424   -0.962627   -1.005715   -1.037104   -1.056601   -1.061973   -1.050035   -1.022007   -0.985106   -0.947577   
1.444226   1.336398   1.227401   1.120286   1.017796   0.921627   0.828712   0.722522   0.600044   0.467915   0.328542   0.182975   0.031664   -0.123091   -0.277728   -0.427702   -0.568070   -0.695181   -0.805946   -0.898193   -0.971832   -1.029090   -1.072890   -1.104354   -1.122960   -1.125966   -1.110253   -1.078269   -1.038368   -0.998716   


# Torque coefficient

0.003175   0.004364   0.005530   0.006675   0.007801   0.008914   0.010017   0.011113   0.012209   0.013309   0.014418   0.015542   0.016688   0.017866   0.019086   0.020371   0.021718   0.022981   0.023958   0.024558   0.024840   0.024897   0.024797   0.024588   0.024288   0.023861   0.023261   0.022412   0.021308   0.019919   
0.004728   0.006126   0.007507   0.008874   0.010232   0.011587   0.012944   0.014310   0.015691   0.017096   0.018536   0.020024   0.021594   0.023253   0.024804   0.025961   0.026649   0.026982   0.027079   0.027029   0.026881   0.026626   0.026177   0.025451   0.024385   0.022957   0.021213   0.019187   0.016926   0.014582   
0.006442   0.008101   0.009750   0.011394   0.013040   0.014696   0.016370   0.018075   0.019825   0.021640   0.023574   0.025567   0.027254   0.028374   0.029000   0.029303   0.029419   0.029440   0.029368   0.029084   0.028445   0.027361   0.025806   0.023866   0.021614   0.019107   0.016368   0.013668   0.010496   0.007518   
0.008340   0.010305   0.012268   0.014238   0.016224   0.018243   0.020313   0.022451   0.024723   0.027084   0.029077   0.030407   0.031178   0.031607   0.031869   0.032070   0.032163   0.031932   0.031163   0.029776   0.027861   0.025534   0.022897   0.019996   0.017060   0.013713   0.010237   0.006760   0.003103   -0.000730   
0.010419   0.012731   0.015053   0.017401   0.019800   0.022262   0.024829   0.027577   0.030110   0.031930   0.033064   0.033752   0.034241   0.034698   0.035084   0.035069   0.034346   0.032851   0.030725   0.028132   0.025187   0.022078   0.018765   0.015033   0.011442   0.007411   0.003241   -0.001039   -0.005337   -0.009677   
0.012669   0.015371   0.018112   0.020916   0.023782   0.026804   0.029953   0.032569   0.034351   0.035492   0.036294   0.037033   0.037816   0.038272   0.037887   0.036539   0.034397   0.031667   0.028508   0.025158   0.021586   0.017798   0.013676   0.009270   0.004817   0.000014   -0.004695   -0.009554   -0.014365   -0.018981   
0.015087   0.018247   0.021473   0.024746   0.028221   0.031748   0.034539   0.036454   0.037763   0.038818   0.039951   0.041074   0.041427   0.040591   0.038711   0.036040   0.032798   0.029283   0.025450   0.021550   0.017226   0.012729   0.007780   0.002588   -0.002537   -0.007781   -0.013163   -0.018397   -0.023315   -0.027999   
0.017703   0.021365   0.025048   0.028964   0.032918   0.036030   0.038231   0.039836   0.041245   0.042870   0.044294   0.044491   0.043295   0.041000   0.037894   0.034356   0.030415   0.026382   0.021946   0.017263   0.012183   0.006777   0.001213   -0.004381   -0.010179   -0.016020   -0.021699   -0.027176   -0.032305   -0.037085   
0.020501   0.024604   0.028936   0.033391   0.036982   0.039602   0.041612   0.043448   0.045616   0.047360   0.047488   0.046063   0.043458   0.040147   0.036249   0.032177   0.027670   0.022933   0.017805   0.012209   0.006553   0.000512   -0.005554   -0.011801   -0.018153   -0.024352   -0.030370   -0.036031   -0.041254   -0.046243   
0.023344   0.028062   0.033060   0.037284   0.040447   0.042963   0.045276   0.048019   0.050182   0.050400   0.048888   0.046207   0.042660   0.038736   0.034245   0.029417   0.024330   0.018815   0.013033   0.006953   0.000590   -0.005873   -0.012562   -0.019333   -0.026195   -0.032829   -0.039002   -0.044880   -0.050443   -0.055639   
0.026286   0.031802   0.036791   0.040621   0.043736   0.046572   0.049902   0.052653   0.053163   0.051714   0.049103   0.045559   0.041420   0.036624   0.031668   0.026227   0.020542   0.014498   0.008088   0.001411   -0.005462   -0.012491   -0.019728   -0.027169   -0.034402   -0.041281   -0.047818   -0.054024   -0.059762   -0.065209   
0.029521   0.035333   0.039974   0.043758   0.047186   0.051085   0.054612   0.055653   0.054556   0.052030   0.048590   0.044300   0.039548   0.034190   0.028688   0.022768   0.016591   0.009931   0.002984   -0.004194   -0.011584   -0.019244   -0.027201   -0.035094   -0.042684   -0.049952   -0.056875   -0.063294   -0.069376   -0.075161   
0.032745   0.038334   0.042859   0.046950   0.051388   0.055847   0.057696   0.057156   0.054911   0.051576   0.047326   0.042511   0.037165   0.031535   0.025614   0.019214   0.012429   0.005333   -0.002231   -0.009906   -0.017912   -0.026217   -0.034779   -0.043117   -0.051164   -0.058869   -0.066061   -0.072857   -0.079316   -0.085388   
0.035485   0.040874   0.045662   0.050644   0.056105   0.059142   0.059298   0.057684   0.054498   0.050530   0.045676   0.040485   0.034772   0.028804   0.022351   0.015610   0.008281   0.000529   -0.007553   -0.015714   -0.024368   -0.033415   -0.042488   -0.051342   -0.059876   -0.067936   -0.075538   -0.082706   -0.089550   -0.095927   
0.037576   0.043100   0.048657   0.055100   0.059514   0.060628   0.059762   0.057169   0.053439   0.049024   0.043899   0.038348   0.032361   0.025924   0.019166   0.011806   0.004079   -0.004201   -0.012818   -0.021685   -0.031043   -0.040732   -0.050392   -0.059741   -0.068762   -0.077288   -0.085269   -0.092908   -0.100143   -0.106728   
0.039109   0.045159   0.052455   0.058451   0.061103   0.060936   0.059179   0.056006   0.052081   0.047321   0.042068   0.036176   0.029886   0.023127   0.015809   0.008084   -0.000285   -0.009100   -0.018220   -0.027750   -0.037856   -0.048248   -0.058435   -0.068384   -0.077951   -0.086856   -0.095345   -0.103467   -0.111049   -0.117778   
0.040364   0.047890   0.055559   0.059748   0.061006   0.060186   0.057995   0.054719   0.050527   0.045694   0.040101   0.034013   0.027392   0.020191   0.012549   0.004204   -0.004629   -0.013998   -0.023724   -0.034007   -0.044890   -0.055842   -0.066706   -0.077334   -0.087323   -0.096747   -0.105776   -0.114375   -0.122251   -0.129077   
0.041944   0.050682   0.056317   0.059115   0.059748   0.058820   0.056586   0.053273   0.049038   0.043990   0.038201   0.031834   0.024839   0.017360   0.009144   0.000359   -0.009076   -0.019000   -0.029378   -0.040444   -0.052009   -0.063696   -0.075280   -0.086481   -0.096981   -0.106967   -0.116573   -0.125621   -0.133738   -0.140643   
0.044266   0.051001   0.054819   0.057085   0.057941   0.057178   0.055112   0.051777   0.047473   0.042246   0.036292   0.029615   0.022395   0.014400   0.005785   -0.003581   -0.013556   -0.024097   -0.035166   -0.046970   -0.059359   -0.071777   -0.084092   -0.095881   -0.106933   -0.117545   -0.127733   -0.137193   -0.145509   -0.152507   
0.044119   0.048713   0.051892   0.054344   0.055652   0.055407   0.053465   0.050246   0.045863   0.040548   0.034351   0.027514   0.019838   0.011498   0.002338   -0.007541   -0.018074   -0.029239   -0.041019   -0.053735   -0.066853   -0.080078   -0.093189   -0.105527   -0.117206   -0.128491   -0.139249   -0.149081   -0.157570   -0.164711   
0.041845   0.045576   0.048655   0.051330   0.053182   0.053451   0.051803   0.048657   0.044296   0.038873   0.032535   0.025310   0.017352   0.008519   -0.001118   -0.011524   -0.022686   -0.034512   -0.047095   -0.060632   -0.074578   -0.088690   -0.102517   -0.115450   -0.127826   -0.139804   -0.151113   -0.161280   -0.169936   -0.177298   
0.038802   0.042393   0.045483   0.048265   0.050502   0.051317   0.050111   0.047104   0.042745   0.037214   0.030682   0.023186   0.014796   0.005540   -0.004584   -0.015585   -0.027362   -0.039899   -0.053295   -0.067725   -0.082541   -0.097579   -0.112077   -0.125672   -0.138807   -0.151480   -0.163317   -0.173789   -0.182631   -0.190309   
0.035566   0.039266   0.042419   0.045291   0.047715   0.049136   0.048324   0.045606   0.041207   0.035577   0.028799   0.020999   0.012248   0.002562   -0.008112   -0.019619   -0.032038   -0.045316   -0.059679   -0.074997   -0.090764   -0.106725   -0.121884   -0.136218   -0.150149   -0.163516   -0.175855   -0.186611   -0.195681   -0.203777   
0.032292   0.036110   0.039458   0.042383   0.045031   0.046824   0.046614   0.044003   0.039689   0.033914   0.026919   0.018828   0.009718   -0.000468   -0.011634   -0.023777   -0.036867   -0.050938   -0.066223   -0.082465   -0.099258   -0.116111   -0.131959   -0.147104   -0.161851   -0.175907   -0.188723   -0.199757   -0.209114   -0.217726   
0.029029   0.033044   0.036531   0.039647   0.042375   0.044577   0.044771   0.042462   0.038138   0.032261   0.025053   0.016651   0.007143   -0.003478   -0.015191   -0.027959   -0.041744   -0.056652   -0.072931   -0.090150   -0.108025   -0.125727   -0.142318   -0.158337   -0.173912   -0.188647   -0.201918   -0.213240   -0.222952   -0.232172   
0.025726   0.029975   0.033732   0.036957   0.039906   0.042224   0.042958   0.040878   0.036608   0.030622   0.023200   0.014506   0.004563   -0.006510   -0.018824   -0.032231   -0.046750   -0.062546   -0.079809   -0.098071   -0.117057   -0.135580   -0.152983   -0.169918   -0.186329   -0.201733   -0.215443   -0.227074   -0.237217   -0.247123   
0.022432   0.026997   0.030937   0.034450   0.037430   0.039971   0.041080   0.039309   0.035085   0.029007   0.021378   0.012331   0.002041   -0.009602   -0.022461   -0.036569   -0.051858   -0.068588   -0.086864   -0.106244   -0.126342   -0.145677   -0.163965   -0.181846   -0.199100   -0.215160   -0.229299   -0.241275   -0.251924   -0.262586   
0.019147   0.023991   0.028288   0.031923   0.035097   0.037731   0.039207   0.037735   0.033591   0.027421   0.019535   0.010221   -0.000562   -0.012682   -0.026179   -0.040978   -0.057073   -0.074780   -0.094108   -0.114675   -0.135867   -0.156029   -0.175273   -0.194122   -0.212221   -0.228929   -0.243493   -0.255856   -0.267084   -0.278563   
0.015896   0.021100   0.025596   0.029511   0.032799   0.035559   0.037323   0.036176   0.032122   0.025819   0.017760   0.008041   -0.003143   -0.015825   -0.029947   -0.045464   -0.062402   -0.081124   -0.101551   -0.123363   -0.145624   -0.166650   -0.186910   -0.206742   -0.225691   -0.243037   -0.258030   -0.270830   -0.282706   -0.295055   
0.012690   0.018146   0.022993   0.027111   0.030571   0.033456   0.035444   0.034644   0.030635   0.024251   0.015924   0.005892   -0.005774   -0.019002   -0.033771   -0.050030   -0.067850   -0.087624   -0.109205   -0.132304   -0.155610   -0.177553   -0.198877   -0.219707   -0.239509   -0.257485   -0.272918   -0.286206   -0.298796   -0.312064   

