# ----- Rotor performance tables for the WEIS Turbine wind turbine ----- 
# ------------ Written on Jun-06-24 using the ROSCO toolbox ------------ 

# Pitch angle vector, 20 entries - x axis (matrix columns) (deg)
-5.0   -3.158   -1.316   0.5263   2.368   4.211   6.053   7.895   9.737   11.58   13.42   15.26   17.11   18.95   20.79   22.63   24.47   26.32   28.16   30.0   
# TSR vector, 20 entries - y axis (matrix rows) (-)
2.0    2.526    3.053    3.579    4.105    4.632    5.158    5.684    6.211    6.737    7.263    7.789    8.316    8.842    9.368    9.895    10.42    10.95    11.47    12.0    
# Wind speed vector - z axis (m/s)
9.722    

# Power coefficient

0.004583   0.007244   0.009834   0.012366   0.014855   0.017325   0.019801   0.022326   0.024957   0.027762   0.030792   0.033847   0.036124   0.037290   0.037654   0.037500   0.036849   0.035624   0.033731   0.031026   
0.010342   0.014669   0.018943   0.023202   0.027507   0.031948   0.036643   0.041653   0.046932   0.051056   0.053160   0.053976   0.054108   0.053440   0.051677   0.048587   0.044022   0.038083   0.030885   0.022683   
0.018988   0.025762   0.032579   0.039589   0.046968   0.054721   0.062951   0.069272   0.072388   0.073857   0.074580   0.073933   0.071205   0.065747   0.058058   0.048703   0.037634   0.025826   0.013058   0.001184   
0.031137   0.041407   0.052106   0.063221   0.074858   0.086216   0.092786   0.096110   0.098504   0.099443   0.097130   0.090043   0.079487   0.066810   0.052025   0.035885   0.018995   0.001394   -0.016560   -0.034362   
0.047517   0.062846   0.078428   0.094719   0.109790   0.118006   0.123046   0.127479   0.128929   0.123244   0.111070   0.095287   0.077175   0.057412   0.035549   0.012157   -0.011611   -0.036074   -0.059937   -0.082123   
0.069133   0.090072   0.111583   0.132401   0.144327   0.152476   0.160367   0.162652   0.153453   0.136360   0.115033   0.092267   0.067160   0.038336   0.007917   -0.022903   -0.054670   -0.085897   -0.114336   -0.139945   
0.095387   0.122570   0.151283   0.169967   0.182636   0.195729   0.200470   0.189007   0.167356   0.141264   0.113680   0.082335   0.046590   0.008472   -0.029973   -0.069618   -0.109661   -0.146376   -0.179743   -0.209789   
0.125115   0.161806   0.191844   0.211045   0.230809   0.241650   0.230227   0.205447   0.174918   0.141356   0.104453   0.062762   0.016796   -0.029902   -0.077899   -0.127524   -0.175041   -0.218029   -0.257254   -0.293963   
0.159504   0.204632   0.234570   0.261542   0.283757   0.276190   0.250752   0.216542   0.177625   0.134836   0.087829   0.035077   -0.020641   -0.077173   -0.136630   -0.196537   -0.251723   -0.302200   -0.349493   -0.393031   
0.200037   0.248495   0.284070   0.321812   0.324725   0.301860   0.266104   0.221895   0.174092   0.122330   0.064474   0.000631   -0.065488   -0.133602   -0.206278   -0.276379   -0.340702   -0.400980   -0.456909   -0.508358   
0.243989   0.295317   0.346981   0.370339   0.354661   0.321239   0.274977   0.222704   0.166475   0.104980   0.035074   -0.040183   -0.117887   -0.200592   -0.286981   -0.368071   -0.444023   -0.514873   -0.581363   -0.639718   
0.288505   0.350191   0.405708   0.405203   0.378174   0.333968   0.280105   0.220146   0.155269   0.082149   0.000252   -0.087959   -0.178630   -0.278511   -0.378822   -0.473431   -0.562111   -0.645986   -0.722993   -0.787733   
0.333417   0.417637   0.443446   0.430750   0.394426   0.343517   0.282549   0.214949   0.139910   0.055090   -0.040420   -0.141904   -0.249117   -0.367043   -0.483323   -0.592918   -0.696940   -0.794810   -0.882586   -0.953217   
0.386335   0.459041   0.467652   0.447789   0.407007   0.350581   0.282888   0.206716   0.121486   0.023108   -0.086890   -0.203270   -0.329403   -0.467341   -0.600852   -0.728520   -0.849142   -0.962552   -1.060541   -1.137834   
0.428071   0.471335   0.479712   0.460066   0.416873   0.355715   0.281224   0.196465   0.099207   -0.013713   -0.139223   -0.272276   -0.420654   -0.579206   -0.733528   -0.880390   -1.020321   -1.149685   -1.257651   -1.343576   
0.421476   0.461499   0.483452   0.468351   0.424631   0.359036   0.277683   0.183388   0.073022   -0.055273   -0.197213   -0.349874   -0.522387   -0.704647   -0.881524   -1.050186   -1.211174   -1.356892   -1.475031   -1.572456   
0.401513   0.443324   0.478924   0.473331   0.430336   0.360704   0.272376   0.167423   0.043204   -0.101546   -0.261907   -0.436173   -0.635996   -0.843927   -1.046180   -1.238907   -1.422532   -1.584930   -1.714084   -1.826391   
0.378209   0.423533   0.465978   0.474844   0.434093   0.360893   0.264924   0.148902   0.009693   -0.152690   -0.332627   -0.532235   -0.761873   -0.998451   -1.227976   -1.447544   -1.655187   -1.834600   -1.976342   -2.107137   
0.351734   0.402756   0.448664   0.472767   0.436024   0.359278   0.255713   0.127644   -0.027353   -0.209244   -0.410956   -0.638485   -0.900539   -1.168756   -1.427872   -1.676968   -1.909938   -2.106798   -2.263374   -2.416302   
0.322057   0.380042   0.430273   0.466906   0.435764   0.356224   0.244544   0.103755   -0.068557   -0.270583   -0.496432   -0.755468   -1.052790   -1.355617   -1.646958   -1.928033   -2.187593   -2.402586   -2.576748   -2.755429   


#  Thrust coefficient

0.064575   0.063839   0.063050   0.062236   0.061426   0.060652   0.059956   0.059393   0.059027   0.058918   0.059043   0.059050   0.058467   0.057174   0.055347   0.053199   0.050737   0.047915   0.044624   0.040659   
0.080858   0.080149   0.079498   0.078962   0.078622   0.078574   0.078906   0.079658   0.080362   0.080114   0.078640   0.076349   0.073656   0.070428   0.066490   0.061534   0.055324   0.047942   0.039546   0.030424   
0.101838   0.101533   0.101523   0.101944   0.102914   0.104508   0.106004   0.105939   0.104046   0.101251   0.098063   0.093950   0.088376   0.080523   0.070764   0.059641   0.047171   0.034646   0.021502   0.010611   
0.128146   0.128834   0.130199   0.132403   0.135185   0.136632   0.135331   0.132438   0.129313   0.125189   0.118754   0.108332   0.095006   0.079960   0.063289   0.046152   0.028870   0.011860   -0.003729   -0.018307   
0.160460   0.162824   0.166310   0.170191   0.171613   0.169598   0.166644   0.163669   0.158638   0.147801   0.131616   0.112488   0.091579   0.070088   0.047240   0.023549   0.001252   -0.019064   -0.037557   -0.053318   
0.199302   0.203987   0.209157   0.211244   0.209233   0.206872   0.204852   0.198597   0.182801   0.160685   0.135137   0.109331   0.082093   0.051824   0.021066   -0.007820   -0.033509   -0.056743   -0.075589   -0.089451   
0.244957   0.251616   0.255349   0.254130   0.252686   0.252665   0.245952   0.225815   0.197546   0.166307   0.134845   0.100264   0.062317   0.023418   -0.013198   -0.045456   -0.074378   -0.097867   -0.115306   -0.126672   
0.296962   0.303185   0.303845   0.303317   0.306077   0.301510   0.278347   0.244741   0.207379   0.168156   0.126545   0.081467   0.033839   -0.011717   -0.052664   -0.088143   -0.118420   -0.140957   -0.155943   -0.166170   
0.353670   0.357599   0.358111   0.363230   0.364890   0.341242   0.303736   0.259859   0.212773   0.162941   0.110735   0.054905   -0.000905   -0.052346   -0.096665   -0.135029   -0.164925   -0.185389   -0.199125   -0.207597   
0.413983   0.416763   0.422573   0.433720   0.415219   0.375317   0.325497   0.268989   0.211064   0.151499   0.088453   0.022561   -0.040854   -0.096821   -0.144836   -0.184521   -0.213094   -0.232258   -0.244460   -0.250998   
0.478534   0.484225   0.502421   0.497235   0.457757   0.404089   0.339931   0.272973   0.205157   0.135434   0.060720   -0.014666   -0.084940   -0.145372   -0.196557   -0.236154   -0.263662   -0.281380   -0.292436   -0.295318   
0.549218   0.565160   0.583699   0.552449   0.495715   0.425479   0.350288   0.273379   0.195804   0.114172   0.028464   -0.056699   -0.132700   -0.197723   -0.250820   -0.290305   -0.316355   -0.333565   -0.342302   -0.340181   
0.629121   0.666465   0.652492   0.600034   0.525777   0.443725   0.357934   0.271217   0.182432   0.089222   -0.008314   -0.102073   -0.184313   -0.253034   -0.307975   -0.346433   -0.372292   -0.388246   -0.393861   -0.385387   
0.729992   0.756513   0.712383   0.638873   0.552650   0.459663   0.363550   0.266088   0.166342   0.060086   -0.049037   -0.151283   -0.238969   -0.311736   -0.367150   -0.405687   -0.430977   -0.445614   -0.446638   -0.431318   
0.851626   0.826383   0.759988   0.674445   0.577432   0.473919   0.367244   0.259218   0.146830   0.027182   -0.093411   -0.203724   -0.297209   -0.372792   -0.429347   -0.467695   -0.492794   -0.505292   -0.500439   -0.478547   
0.936660   0.877744   0.802395   0.707616   0.600747   0.486634   0.369316   0.249819   0.124022   -0.009174   -0.140772   -0.259592   -0.358027   -0.437050   -0.494088   -0.532969   -0.557590   -0.567034   -0.555301   -0.527605   
1.000303   0.922990   0.840338   0.739057   0.622720   0.498116   0.369933   0.237947   0.098283   -0.048614   -0.191716   -0.318181   -0.422132   -0.503821   -0.561965   -0.601399   -0.625301   -0.630649   -0.611446   -0.578895   
1.060370   0.967264   0.873940   0.768723   0.643611   0.508578   0.368800   0.223980   0.069726   -0.091049   -0.245167   -0.379894   -0.489258   -0.573595   -0.632960   -0.673017   -0.695802   -0.695995   -0.669154   -0.632656   
1.119711   1.011893   0.905464   0.796725   0.663597   0.517759   0.366332   0.207790   0.038638   -0.136634   -0.302038   -0.444472   -0.559324   -0.646277   -0.707168   -0.747830   -0.768965   -0.763003   -0.728703   -0.688978   
1.179141   1.056614   0.937125   0.823028   0.682378   0.526058   0.362318   0.189571   0.004682   -0.184546   -0.361533   -0.511978   -0.632302   -0.721953   -0.784636   -0.825822   -0.844676   -0.831712   -0.790342   -0.747898   


# Torque coefficient

0.002300   0.003635   0.004935   0.006205   0.007455   0.008694   0.009936   0.011204   0.012524   0.013932   0.015452   0.016985   0.018128   0.018713   0.018895   0.018818   0.018492   0.017877   0.016927   0.015570   
0.004109   0.005827   0.007525   0.009217   0.010928   0.012692   0.014557   0.016547   0.018645   0.020283   0.021119   0.021443   0.021496   0.021230   0.020530   0.019302   0.017489   0.015129   0.012270   0.009011   
0.006243   0.008470   0.010711   0.013016   0.015442   0.017991   0.020697   0.022775   0.023799   0.024282   0.024520   0.024308   0.023411   0.021616   0.019088   0.016012   0.012373   0.008491   0.004293   0.000389   
0.008732   0.011612   0.014612   0.017729   0.020992   0.024177   0.026020   0.026952   0.027623   0.027887   0.027238   0.025251   0.022290   0.018735   0.014589   0.010063   0.005327   0.000391   -0.004644   -0.009636   
0.011617   0.015364   0.019174   0.023156   0.026841   0.028849   0.030082   0.031165   0.031520   0.030130   0.027154   0.023295   0.018867   0.014036   0.008691   0.002972   -0.002839   -0.008819   -0.014653   -0.020077   
0.014981   0.019518   0.024179   0.028691   0.031275   0.033041   0.034750   0.035246   0.033252   0.029548   0.024927   0.019994   0.014553   0.008307   0.001716   -0.004963   -0.011847   -0.018613   -0.024776   -0.030325   
0.018561   0.023850   0.029437   0.033072   0.035538   0.038085   0.039008   0.036777   0.032564   0.027487   0.022120   0.016021   0.009066   0.001649   -0.005832   -0.013546   -0.021338   -0.028482   -0.034975   -0.040821   
0.022091   0.028569   0.033873   0.037263   0.040753   0.042667   0.040650   0.036275   0.030885   0.024959   0.018443   0.011082   0.002966   -0.005280   -0.013754   -0.022516   -0.030906   -0.038496   -0.045422   -0.051904   
0.025776   0.033069   0.037907   0.042266   0.045856   0.044633   0.040522   0.034994   0.028705   0.021790   0.014193   0.005668   -0.003336   -0.012471   -0.022080   -0.031761   -0.040679   -0.048836   -0.056479   -0.063515   
0.029801   0.037020   0.042320   0.047943   0.048377   0.044970   0.039643   0.033057   0.025936   0.018224   0.009605   0.000094   -0.009756   -0.019904   -0.030731   -0.041174   -0.050757   -0.059737   -0.068069   -0.075734   
0.033715   0.040807   0.047946   0.051174   0.049008   0.044389   0.037997   0.030774   0.023004   0.014506   0.004847   -0.005553   -0.016290   -0.027718   -0.039656   -0.050861   -0.061356   -0.071146   -0.080334   -0.088397   
0.037172   0.045120   0.052273   0.052208   0.048726   0.043030   0.036090   0.028365   0.020006   0.010584   0.000032   -0.011333   -0.023016   -0.035885   -0.048809   -0.060999   -0.072425   -0.083232   -0.093154   -0.101495   
0.040240   0.050405   0.053520   0.051987   0.047603   0.041459   0.034101   0.025942   0.016886   0.006649   -0.004878   -0.017126   -0.030066   -0.044299   -0.058332   -0.071559   -0.084114   -0.095926   -0.106520   -0.115044   
0.043851   0.052104   0.053081   0.050827   0.046198   0.039793   0.032110   0.023464   0.013789   0.002623   -0.009863   -0.023072   -0.037389   -0.053046   -0.068201   -0.082692   -0.096383   -0.109256   -0.120378   -0.129151   
0.045859   0.050494   0.051391   0.049287   0.044659   0.038108   0.030127   0.021047   0.010628   -0.001469   -0.014915   -0.029169   -0.045064   -0.062050   -0.078583   -0.094316   -0.109307   -0.123165   -0.134732   -0.143937   
0.042751   0.046810   0.049037   0.047505   0.043071   0.036417   0.028166   0.018601   0.007407   -0.005606   -0.020004   -0.035488   -0.052986   -0.071473   -0.089414   -0.106522   -0.122851   -0.137631   -0.149614   -0.159496   
0.038669   0.042696   0.046124   0.045586   0.041445   0.034739   0.026232   0.016124   0.004161   -0.009780   -0.025224   -0.042007   -0.061252   -0.081277   -0.100756   -0.119317   -0.137002   -0.152642   -0.165081   -0.175897   
0.034674   0.038829   0.042720   0.043533   0.039797   0.033086   0.024288   0.013651   0.000889   -0.013998   -0.030495   -0.048794   -0.069847   -0.091536   -0.112579   -0.132708   -0.151744   -0.168193   -0.181187   -0.193178   
0.030767   0.035230   0.039246   0.041354   0.038140   0.031427   0.022368   0.011165   -0.002393   -0.018303   -0.035947   -0.055850   -0.078773   -0.102234   -0.124900   -0.146689   -0.167067   -0.184287   -0.197984   -0.211361   
0.026936   0.031785   0.035986   0.039050   0.036446   0.029793   0.020453   0.008678   -0.005734   -0.022631   -0.041520   -0.063184   -0.088051   -0.113379   -0.137745   -0.161253   -0.182962   -0.200943   -0.215509   -0.230454   

