# ----- Rotor performance tables for the WEIS Turbine wind turbine ----- 
# ------------ Written on Nov-22-23 using the ROSCO toolbox ------------ 

# Pitch angle vector, 20 entries - x axis (matrix columns) (deg)
-5.0   -3.158   -1.316   0.5263   2.368   4.211   6.053   7.895   9.737   11.58   13.42   15.26   17.11   18.95   20.79   22.63   24.47   26.32   28.16   30.0   
# TSR vector, 20 entries - y axis (matrix rows) (-)
2.0    2.526    3.053    3.579    4.105    4.632    5.158    5.684    6.211    6.737    7.263    7.789    8.316    8.842    9.368    9.895    10.42    10.95    11.47    12.0    
# Wind speed vector - z axis (m/s)
10.51    

# Power coefficient

0.007438   0.011324   0.015171   0.019064   0.023101   0.027397   0.032058   0.037173   0.042811   0.048995   0.055180   0.059527   0.061520   0.062181   0.062187   0.061536   0.059927   0.056884   0.052051   0.045576   
0.015970   0.023014   0.030422   0.038361   0.046961   0.056331   0.066459   0.076897   0.084208   0.087510   0.088999   0.089774   0.089554   0.087334   0.082045   0.073676   0.062957   0.050474   0.036658   0.022155   
0.031500   0.044146   0.057713   0.072332   0.087793   0.103494   0.113655   0.118375   0.121379   0.123762   0.124237   0.119935   0.109966   0.096118   0.079477   0.060747   0.040939   0.019651   -0.001901   -0.023154   
0.056967   0.077770   0.099533   0.122103   0.140774   0.150274   0.156452   0.162323   0.166344   0.162077   0.148931   0.130340   0.108094   0.083432   0.056709   0.028519   -0.001402   -0.031443   -0.060384   -0.086904   
0.093950   0.123711   0.154275   0.176567   0.188975   0.199603   0.210842   0.213556   0.201300   0.179918   0.153178   0.123139   0.090047   0.054728   0.017272   -0.022241   -0.062773   -0.100942   -0.135510   -0.167328   
0.140095   0.180066   0.209751   0.228237   0.245841   0.264433   0.263555   0.244654   0.216094   0.182362   0.144633   0.103368   0.058623   0.011235   -0.039512   -0.091670   -0.141760   -0.186770   -0.228033   -0.267399   
0.194643   0.236419   0.264078   0.291289   0.319113   0.316595   0.293289   0.259358   0.219537   0.174378   0.125264   0.071620   0.013326   -0.048505   -0.113748   -0.178098   -0.237083   -0.289926   -0.341361   -0.390600   
0.250054   0.290596   0.329900   0.370484   0.370511   0.346468   0.309964   0.265761   0.215357   0.158612   0.095513   0.027697   -0.045475   -0.123962   -0.204779   -0.281445   -0.349729   -0.414875   -0.479220   -0.537140   
0.298947   0.352854   0.411427   0.419917   0.400774   0.366106   0.320617   0.265494   0.203120   0.133156   0.056078   -0.027643   -0.118385   -0.215511   -0.312934   -0.401779   -0.483321   -0.564647   -0.642882   -0.707640   
0.348740   0.428241   0.454018   0.447261   0.420763   0.378508   0.324387   0.258984   0.184248   0.099987   0.006928   -0.094595   -0.205896   -0.323876   -0.438439   -0.541960   -0.641488   -0.741557   -0.832531   -0.902822   
0.405727   0.450684   0.470135   0.463660   0.434014   0.386363   0.323737   0.247670   0.159193   0.059021   -0.051785   -0.174435   -0.308693   -0.449939   -0.582653   -0.705200   -0.826722   -0.946536   -1.049118   -1.124398   
0.407197   0.442526   0.471326   0.472100   0.442599   0.390541   0.319417   0.231489   0.127918   0.010401   -0.120825   -0.266948   -0.428321   -0.594306   -0.748058   -0.893726   -1.040373   -1.181052   -1.293590   -1.374819   
0.387914   0.426867   0.461611   0.474523   0.447946   0.391745   0.311712   0.210579   0.090635   -0.046313   -0.200548   -0.373799   -0.565651   -0.757922   -0.936711   -1.109838   -1.284818   -1.445603   -1.567663   -1.657363   
0.363225   0.408368   0.446548   0.471577   0.450251   0.390273   0.300519   0.185129   0.047472   -0.111394   -0.291547   -0.495978   -0.721448   -0.942834   -1.150825   -1.355356   -1.561049   -1.741554   -1.873123   -1.975608   
0.334586   0.386835   0.429893   0.464011   0.449764   0.386162   0.286062   0.155442   -0.002581   -0.185178   -0.394842   -0.634383   -0.896435   -1.150558   -1.392038   -1.632422   -1.870622   -2.070204   -2.212380   -2.332968   
0.301898   0.362762   0.411863   0.452329   0.446605   0.379704   0.268719   0.120515   -0.058787   -0.268462   -0.511065   -0.790015   -1.091773   -1.383428   -1.661963   -1.942908   -2.214704   -2.433096   -2.588186   -2.732519   
0.264852   0.336140   0.392083   0.437594   0.441162   0.371268   0.247496   0.081265   -0.122076   -0.361643   -0.640643   -0.963695   -1.309234   -1.642395   -1.962649   -2.288135   -2.594658   -2.831906   -3.003415   -3.177080   
0.223628   0.306518   0.370376   0.421047   0.433835   0.359871   0.223416   0.036852   -0.192597   -0.465114   -0.785094   -1.156850   -1.549967   -1.929285   -2.295988   -2.669563   -3.011862   -3.268535   -3.460906   -3.669453   
0.178262   0.273739   0.346930   0.403416   0.423646   0.346606   0.195688   -0.012558   -0.270598   -0.579405   -0.944272   -1.369508   -1.815780   -2.245198   -2.663794   -3.088664   -3.467738   -3.745091   -3.963394   -4.212460   
0.130005   0.238103   0.321522   0.383725   0.411711   0.330725   0.164620   -0.067272   -0.356399   -0.705147   -1.120163   -1.603895   -2.107710   -2.591416   -3.067631   -3.546924   -3.963780   -4.263794   -4.513473   -4.808907   


#  Thrust coefficient

0.094292   0.092733   0.091202   0.089804   0.088664   0.087921   0.087711   0.088147   0.089300   0.091034   0.092483   0.092376   0.090523   0.087725   0.084581   0.081054   0.076898   0.071601   0.064760   0.056506   
0.118266   0.117302   0.116950   0.117425   0.118899   0.121459   0.124971   0.128154   0.128644   0.126273   0.122733   0.118946   0.114547   0.108716   0.100329   0.089250   0.076160   0.061728   0.046490   0.031306   
0.151817   0.153399   0.156450   0.161025   0.166820   0.171664   0.171973   0.168630   0.164592   0.160529   0.155157   0.145962   0.131871   0.114439   0.094713   0.073599   0.052422   0.030496   0.009882   -0.008675   
0.198230   0.204287   0.212153   0.220273   0.223532   0.220716   0.216578   0.213235   0.208612   0.197089   0.177974   0.154286   0.127629   0.099615   0.070701   0.041505   0.012003   -0.014695   -0.038012   -0.057842   
0.259088   0.270071   0.279892   0.281654   0.277860   0.275142   0.273778   0.265135   0.243523   0.214425   0.181015   0.145579   0.108518   0.070830   0.032581   -0.005403   -0.039916   -0.068778   -0.092376   -0.110901   
0.333340   0.345544   0.347525   0.344324   0.344388   0.345954   0.329905   0.298501   0.259416   0.216916   0.172080   0.125675   0.077676   0.029295   -0.019385   -0.063073   -0.099311   -0.128065   -0.149968   -0.166181   
0.416930   0.421293   0.419461   0.423460   0.428795   0.405848   0.365097   0.316438   0.264633   0.209331   0.152918   0.094562   0.034256   -0.025536   -0.081238   -0.126866   -0.163390   -0.189980   -0.210134   -0.224717   
0.502221   0.502131   0.510404   0.522223   0.494576   0.445664   0.388351   0.327043   0.262398   0.194400   0.123615   0.052170   -0.019990   -0.089780   -0.148767   -0.195866   -0.230206   -0.255318   -0.274511   -0.285226   
0.591044   0.602073   0.625367   0.596232   0.541840   0.477353   0.406922   0.330363   0.251074   0.169199   0.085402   0.000530   -0.083644   -0.160262   -0.221525   -0.267835   -0.300232   -0.324962   -0.342859   -0.346480   
0.696366   0.734603   0.708387   0.651010   0.580885   0.501572   0.416747   0.326110   0.232834   0.136904   0.039003   -0.059174   -0.154747   -0.235680   -0.298473   -0.343066   -0.374527   -0.399829   -0.413497   -0.407527   
0.847734   0.823189   0.769214   0.697778   0.613315   0.520394   0.421122   0.316628   0.208710   0.097903   -0.014496   -0.126911   -0.231557   -0.315993   -0.378993   -0.422108   -0.454238   -0.478960   -0.485602   -0.468531   
0.945683   0.884231   0.819164   0.737082   0.640471   0.534678   0.421247   0.302264   0.179051   0.052849   -0.074992   -0.200855   -0.313555   -0.400791   -0.463281   -0.505545   -0.539210   -0.561819   -0.558689   -0.529968   
1.018475   0.938077   0.858931   0.770915   0.664321   0.545562   0.417857   0.283516   0.144378   0.001791   -0.141764   -0.281014   -0.400310   -0.489623   -0.551353   -0.594344   -0.629540   -0.647476   -0.632758   -0.592791   
1.085839   0.989110   0.893858   0.800148   0.685196   0.553677   0.411067   0.260745   0.105081   -0.054783   -0.214466   -0.366770   -0.491640   -0.582687   -0.643929   -0.688725   -0.724534   -0.735657   -0.707853   -0.657956   
1.152552   1.037430   0.927624   0.826095   0.703676   0.559158   0.401215   0.234452   0.060624   -0.116543   -0.293073   -0.457597   -0.587284   -0.679643   -0.741342   -0.788756   -0.824077   -0.826077   -0.784350   -0.726163   
1.217732   1.085415   0.961170   0.849077   0.719891   0.562351   0.388839   0.203948   0.012136   -0.183567   -0.377241   -0.553167   -0.687376   -0.781270   -0.844029   -0.894391   -0.927802   -0.918607   -0.862787   -0.797797   
1.282321   1.133787   0.994418   0.869813   0.734166   0.563808   0.373167   0.170388   -0.040826   -0.255655   -0.466385   -0.653194   -0.792218   -0.887358   -0.952315   -1.005402   -1.035449   -1.013205   -0.943726   -0.873016   
1.347614   1.182413   1.027354   0.889279   0.747011   0.562741   0.355367   0.133220   -0.098019   -0.332525   -0.561008   -0.758124   -0.901467   -0.998389   -1.066211   -1.121666   -1.146761   -1.109968   -1.027651   -0.951950   
1.413271   1.231240   1.060236   0.908323   0.757605   0.560339   0.334835   0.092838   -0.159215   -0.414104   -0.660080   -0.867052   -1.015416   -1.114451   -1.185756   -1.243055   -1.261528   -1.209089   -1.114923   -1.034722   
1.477495   1.280589   1.093060   0.926153   0.767151   0.555975   0.312039   0.049191   -0.224359   -0.500382   -0.764477   -0.981117   -1.134049   -1.235716   -1.310939   -1.369443   -1.379613   -1.310799   -1.205769   -1.121444   


# Torque coefficient

0.003732   0.005681   0.007612   0.009565   0.011590   0.013746   0.016084   0.018650   0.021479   0.024582   0.027685   0.029866   0.030866   0.031197   0.031200   0.030874   0.030067   0.028540   0.026115   0.022866   
0.006343   0.009141   0.012083   0.015237   0.018653   0.022374   0.026397   0.030543   0.033447   0.034759   0.035350   0.035658   0.035571   0.034689   0.032588   0.029264   0.025006   0.020048   0.014560   0.008800   
0.010354   0.014511   0.018971   0.023777   0.028859   0.034020   0.037360   0.038912   0.039899   0.040682   0.040838   0.039425   0.036147   0.031595   0.026125   0.019968   0.013457   0.006460   -0.000625   -0.007611   
0.015972   0.021805   0.027907   0.034235   0.039469   0.042133   0.043865   0.045511   0.046639   0.045442   0.041757   0.036544   0.030307   0.023392   0.015900   0.007996   -0.000393   -0.008816   -0.016930   -0.024366   
0.022964   0.030239   0.037709   0.043158   0.046191   0.048789   0.051536   0.052199   0.049204   0.043977   0.037441   0.030099   0.022010   0.013377   0.004222   -0.005436   -0.015344   -0.024673   -0.033123   -0.040900   
0.030352   0.039012   0.045443   0.049448   0.053262   0.057290   0.057100   0.053005   0.046817   0.039509   0.031335   0.022395   0.012701   0.002434   -0.008560   -0.019861   -0.030713   -0.040464   -0.049404   -0.057933   
0.037867   0.045994   0.051375   0.056669   0.062082   0.061592   0.057058   0.050457   0.042710   0.033925   0.024370   0.013933   0.002593   -0.009436   -0.022129   -0.034648   -0.046123   -0.056404   -0.066410   -0.075989   
0.044143   0.051299   0.058238   0.065402   0.065407   0.061163   0.054719   0.046915   0.038017   0.028000   0.016861   0.004889   -0.008028   -0.021883   -0.036150   -0.049684   -0.061738   -0.073239   -0.084598   -0.094822   
0.048301   0.057011   0.066475   0.067847   0.064754   0.059152   0.051803   0.042896   0.032818   0.021514   0.009061   -0.004466   -0.019128   -0.034820   -0.050561   -0.064916   -0.078091   -0.091231   -0.103871   -0.114335   
0.051944   0.063786   0.067626   0.066619   0.062672   0.056378   0.048317   0.038575   0.027443   0.014893   0.001032   -0.014090   -0.030668   -0.048241   -0.065305   -0.080724   -0.095549   -0.110454   -0.124005   -0.134474   
0.056053   0.062264   0.064952   0.064057   0.059961   0.053378   0.044726   0.034217   0.021993   0.008154   -0.007154   -0.024099   -0.042648   -0.062162   -0.080497   -0.097427   -0.114216   -0.130769   -0.144941   -0.155342   
0.052455   0.057007   0.060716   0.060816   0.057016   0.050310   0.041147   0.029821   0.016478   0.001340   -0.015565   -0.034388   -0.055177   -0.076559   -0.096365   -0.115130   -0.134022   -0.152144   -0.166641   -0.177105   
0.046809   0.051509   0.055701   0.057259   0.054053   0.047271   0.037614   0.025410   0.010937   -0.005588   -0.024200   -0.045105   -0.068256   -0.091457   -0.113031   -0.133921   -0.155036   -0.174437   -0.189166   -0.199990   
0.041221   0.046344   0.050676   0.053517   0.051097   0.044290   0.034104   0.021009   0.005387   -0.012642   -0.033086   -0.056286   -0.081873   -0.106997   -0.130601   -0.153812   -0.177155   -0.197640   -0.212571   -0.224202   
0.035837   0.041434   0.046046   0.049700   0.048174   0.041362   0.030640   0.016649   -0.000276   -0.019834   -0.042291   -0.067948   -0.096017   -0.123235   -0.149100   -0.174848   -0.200361   -0.221738   -0.236967   -0.249883   
0.030616   0.036788   0.041768   0.045872   0.045291   0.038507   0.027251   0.012222   -0.005962   -0.027225   -0.051828   -0.080117   -0.110719   -0.140296   -0.168543   -0.197034   -0.224598   -0.246745   -0.262473   -0.277110   
0.025503   0.032367   0.037754   0.042136   0.042480   0.035749   0.023831   0.007825   -0.011755   -0.034823   -0.061688   -0.092794   -0.126066   -0.158147   -0.188984   -0.220325   -0.249840   -0.272685   -0.289199   -0.305922   
0.020498   0.028096   0.033949   0.038594   0.039766   0.032986   0.020479   0.003378   -0.017654   -0.042633   -0.071962   -0.106038   -0.142071   -0.176840   -0.210452   -0.244694   -0.276070   -0.299597   -0.317230   -0.336345   
0.015590   0.023940   0.030341   0.035281   0.037051   0.030313   0.017114   -0.001098   -0.023666   -0.050673   -0.082582   -0.119772   -0.158801   -0.196357   -0.232965   -0.270123   -0.303275   -0.327532   -0.346624   -0.368406   
0.010871   0.019910   0.026886   0.032087   0.034427   0.027655   0.013766   -0.005625   -0.029802   -0.058965   -0.093669   -0.134118   -0.176248   -0.216695   -0.256517   -0.296595   -0.331453   -0.356540   -0.377419   -0.402123   

