# ----- Rotor performance tables for the WISDEM tuning wind turbine ----- 
# ------------ Written on Apr-13-21 using the ROSCO toolbox ------------ 

# Pitch angle vector, 30 entries - x axis (matrix columns) (deg)
-5.0   -3.793   -2.586   -1.379   -0.1724   1.034   2.241   3.448   4.655   5.862   7.069   8.276   9.483   10.69   11.9   13.1   14.31   15.52   16.72   17.93   19.14   20.34   21.55   22.76   23.97   25.17   26.38   27.59   28.79   30.0   
# TSR vector, 30 entries - y axis (matrix rows) (-)
2.0    2.345    2.69    3.034    3.379    3.724    4.069    4.414    4.759    5.103    5.448    5.793    6.138    6.483    6.828    7.172    7.517    7.862    8.207    8.552    8.897    9.241    9.586    9.931    10.28    10.62    10.97    11.31    11.66    12.0    
# Wind speed vector - z axis (m/s)
10.9    

# Power coefficient

0.006269   0.008784   0.011247   0.013665   0.016042   0.018387   0.020707   0.023012   0.025311   0.027614   0.029932   0.032277   0.034664   0.037111   0.039639   0.042288   0.045088   0.047814   0.050035   0.051485   0.052237   0.052491   0.052401   0.052076   0.051563   0.050810   0.049726   0.048140   0.046000   0.043206   
0.011124   0.014580   0.017988   0.021360   0.024706   0.028038   0.031371   0.034718   0.038098   0.041530   0.045042   0.048664   0.052453   0.056485   0.060423   0.063537   0.065487   0.066507   0.066916   0.066946   0.066735   0.066284   0.065416   0.063908   0.061556   0.058239   0.054040   0.049080   0.043473   0.037304   
0.017506   0.022195   0.026850   0.031485   0.036120   0.040775   0.045474   0.050252   0.055151   0.060211   0.065551   0.071178   0.076231   0.079764   0.081818   0.082899   0.083426   0.083683   0.083715   0.083242   0.081833   0.079150   0.075005   0.069605   0.063239   0.056072   0.048254   0.040393   0.031565   0.022275   
0.025652   0.031901   0.038138   0.044388   0.050684   0.057075   0.063620   0.070356   0.077427   0.084927   0.091666   0.096367   0.099173   0.100808   0.101889   0.102797   0.103462   0.103241   0.101332   0.097303   0.091349   0.083921   0.075391   0.066056   0.056631   0.045957   0.034509   0.023455   0.011986   -0.000453   
0.035742   0.043917   0.052119   0.060408   0.068868   0.077541   0.086475   0.096035   0.105362   0.112409   0.116892   0.119678   0.121723   0.123690   0.125567   0.126221   0.124330   0.119423   0.111944   0.102624   0.092024   0.080502   0.068876   0.055831   0.042841   0.028245   0.013708   -0.001453   -0.016968   -0.032029   
0.047933   0.058454   0.069123   0.080031   0.091141   0.102655   0.114921   0.125780   0.133388   0.138327   0.141854   0.145160   0.148823   0.151504   0.150860   0.146043   0.137696   0.126826   0.114289   0.100674   0.086845   0.071608   0.056050   0.038957   0.021450   0.003125   -0.015687   -0.034413   -0.053444   -0.071764   
0.062406   0.075854   0.089578   0.103419   0.117846   0.133014   0.145738   0.154609   0.160746   0.165746   0.171212   0.177040   0.179703   0.176764   0.168768   0.157112   0.143042   0.127499   0.111577   0.094614   0.076344   0.057078   0.036295   0.014621   -0.007516   -0.029658   -0.052748   -0.075545   -0.096936   -0.117101   
0.079493   0.096410   0.113303   0.130899   0.149369   0.164721   0.175693   0.183790   0.190971   0.199456   0.207540   0.209533   0.204160   0.193207   0.178528   0.161532   0.143807   0.124832   0.104972   0.082857   0.059793   0.035067   0.009444   -0.016438   -0.042990   -0.070275   -0.097146   -0.122506   -0.146629   -0.169127   
0.099342   0.119666   0.140628   0.162908   0.181885   0.195877   0.206729   0.216755   0.229027   0.239529   0.240857   0.233407   0.219908   0.202596   0.183803   0.162753   0.141425   0.117353   0.092599   0.065264   0.036701   0.007201   -0.023082   -0.054051   -0.085718   -0.117083   -0.147560   -0.176253   -0.202813   -0.228119   
0.121314   0.145825   0.172315   0.196027   0.214047   0.228500   0.241997   0.258723   0.272236   0.273505   0.264585   0.249154   0.230249   0.208955   0.185787   0.160557   0.134087   0.105014   0.074413   0.041989   0.008369   -0.026457   -0.061714   -0.098368   -0.134853   -0.170832   -0.204594   -0.236398   -0.266675   -0.295042   
0.145313   0.176110   0.205591   0.228780   0.247710   0.265318   0.287068   0.304777   0.307012   0.297523   0.281583   0.260883   0.237882   0.212283   0.183816   0.153590   0.121833   0.087569   0.051723   0.013823   -0.025217   -0.065483   -0.106321   -0.148822   -0.190958   -0.230803   -0.268494   -0.304573   -0.338394   -0.369806   
0.172835   0.208704   0.238375   0.262645   0.285107   0.312320   0.335823   0.340502   0.331589   0.316048   0.295153   0.270267   0.241762   0.211059   0.177757   0.142886   0.106060   0.066204   0.024180   -0.019092   -0.063596   -0.109749   -0.157769   -0.206152   -0.253180   -0.297676   -0.340425   -0.380341   -0.417941   -0.453814   
0.203388   0.240761   0.271364   0.299441   0.332382   0.363557   0.372588   0.366876   0.351704   0.331786   0.305090   0.275617   0.241878   0.206750   0.168774   0.129045   0.086083   0.041135   -0.007043   -0.056295   -0.107456   -0.160673   -0.215506   -0.270089   -0.322288   -0.372602   -0.419990   -0.464533   -0.506886   -0.547027   
0.233434   0.271661   0.305954   0.344775   0.385583   0.401213   0.399373   0.387843   0.368430   0.342448   0.311480   0.277442   0.239718   0.200172   0.157247   0.111576   0.063400   0.011408   -0.043050   -0.098620   -0.156536   -0.217563   -0.279872   -0.340556   -0.399295   -0.455244   -0.508000   -0.557780   -0.605193   -0.649895   
0.260666   0.301730   0.346167   0.398717   0.423893   0.426884   0.421260   0.403718   0.380038   0.349416   0.315368   0.276724   0.235559   0.190600   0.142941   0.091714   0.036483   -0.021254   -0.082464   -0.145514   -0.211730   -0.280849   -0.350680   -0.418609   -0.484014   -0.546457   -0.604861   -0.660406   -0.713577   -0.762394   
0.285558   0.333502   0.397902   0.434756   0.448549   0.447139   0.436563   0.415754   0.388345   0.355187   0.317245   0.275063   0.228788   0.179320   0.125947   0.068152   0.007054   -0.058464   -0.127011   -0.197850   -0.272688   -0.350973   -0.428668   -0.504114   -0.577575   -0.646227   -0.710932   -0.773353   -0.832099   -0.884655   
0.310007   0.379993   0.428948   0.453710   0.464250   0.461444   0.446940   0.424983   0.394931   0.359444   0.317655   0.271479   0.221043   0.165772   0.106485   0.042450   -0.026541   -0.099191   -0.175585   -0.255311   -0.340294   -0.427707   -0.513599   -0.598600   -0.679297   -0.754878   -0.827330   -0.896787   -0.960955   -1.016876   
0.345104   0.404759   0.439319   0.460768   0.471997   0.469257   0.455352   0.431640   0.400611   0.361599   0.316758   0.266454   0.210606   0.150623   0.084482   0.012998   -0.063183   -0.144290   -0.228987   -0.318917   -0.413828   -0.510827   -0.607202   -0.701445   -0.789961   -0.873576   -0.954349   -1.030990   -1.100361   -1.159359   
0.366764   0.406860   0.436234   0.458865   0.473108   0.473765   0.460812   0.437646   0.404208   0.362996   0.314574   0.259459   0.199363   0.132454   0.060021   -0.019030   -0.103758   -0.193499   -0.287760   -0.387958   -0.494355   -0.601948   -0.709179   -0.813105   -0.909973   -1.002761   -1.092358   -1.176234   -1.250558   -1.312558   
0.363667   0.398482   0.426069   0.450702   0.469591   0.475364   0.465210   0.441845   0.407121   0.363193   0.310729   0.251971   0.185444   0.112701   0.032491   -0.054549   -0.147951   -0.247165   -0.351177   -0.463685   -0.581748   -0.700823   -0.820230   -0.933645   -1.039976   -1.142919   -1.241696   -1.332789   -1.411832   -1.477091   
0.352364   0.385771   0.414705   0.439643   0.462829   0.474074   0.467385   0.444461   0.408835   0.361908   0.306623   0.242117   0.170341   0.090275   0.002356   -0.092879   -0.195711   -0.304915   -0.420636   -0.545834   -0.676005   -0.808532   -0.940195   -1.063524   -1.180622   -1.294442   -1.402691   -1.500927   -1.584554   -1.653680   
0.335527   0.370902   0.400901   0.428204   0.452680   0.469917   0.467561   0.446140   0.409117   0.360530   0.300417   0.231404   0.152956   0.065665   -0.030409   -0.134858   -0.247601   -0.367789   -0.495881   -0.634246   -0.778181   -0.925207   -1.069161   -1.203301   -1.332423   -1.457700   -1.575656   -1.680938   -1.769207   -1.843107   
0.316038   0.353596   0.386556   0.415615   0.441625   0.463095   0.466312   0.446246   0.409361   0.357213   0.293630   0.218784   0.133760   0.038891   -0.065699   -0.179801   -0.302895   -0.434772   -0.576765   -0.729753   -0.888582   -1.051053   -1.207385   -1.353619   -1.495795   -1.633057   -1.760900   -1.873140   -1.966364   -2.046173   
0.293805   0.334727   0.370535   0.401585   0.429650   0.454578   0.462936   0.446175   0.407685   0.353512   0.285222   0.204660   0.112839   0.010041   -0.104044   -0.228176   -0.362962   -0.507547   -0.664113   -0.832403   -1.007703   -1.186189   -1.355245   -1.515039   -1.671119   -1.820867   -1.958732   -2.077903   -2.176651   -2.263657   
0.268540   0.313696   0.352672   0.386818   0.417352   0.444179   0.458797   0.443999   0.405684   0.348393   0.275558   0.189194   0.090254   -0.021383   -0.144619   -0.280414   -0.426972   -0.585616   -0.757847   -0.942578   -1.135891   -1.330700   -1.513238   -1.688028   -1.858769   -2.021473   -2.169476   -2.295659   -2.400722   -2.496291   
0.241200   0.290433   0.333550   0.371365   0.404507   0.433806   0.452040   0.441325   0.402326   0.342197   0.264860   0.172415   0.065528   -0.054518   -0.188802   -0.335927   -0.495758   -0.668804   -0.858188   -1.060717   -1.273398   -1.484737   -1.681940   -1.872984   -2.059114   -2.235212   -2.393465   -2.526907   -2.639237   -2.744758   
0.211361   0.265404   0.313355   0.355000   0.390897   0.421738   0.444463   0.437043   0.397952   0.335126   0.253138   0.153842   0.039556   -0.090734   -0.235641   -0.395518   -0.569183   -0.758144   -0.965381   -1.187289   -1.420446   -1.648534   -1.861888   -2.070276   -2.272521   -2.462429   -2.631052   -2.772174   -2.892847   -3.009693   
0.179051   0.238892   0.291812   0.337514   0.376562   0.409654   0.435066   0.431674   0.392698   0.326960   0.239886   0.134095   0.010957   -0.129425   -0.285930   -0.458994   -0.647421   -0.853469   -1.079703   -1.322712   -1.577203   -1.822421   -2.053547   -2.280271   -2.499348   -2.703467   -2.882611   -3.032006   -3.162179   -3.291692   
0.144937   0.210576   0.268761   0.318967   0.360935   0.396405   0.424568   0.425109   0.386589   0.318153   0.225448   0.112860   -0.019629   -0.170203   -0.339443   -0.526478   -0.730649   -0.954985   -1.201460   -1.467306   -1.743806   -2.006830   -2.257327   -2.503335   -2.739960   -2.958677   -3.148549   -3.306948   -3.447847   -3.591332   
0.110581   0.180401   0.244286   0.298807   0.344466   0.382599   0.412927   0.417570   0.379798   0.308026   0.210595   0.089668   -0.051788   -0.213980   -0.396277   -0.598100   -0.819045   -1.062890   -1.330995   -1.621321   -1.920384   -2.202252   -2.473596   -2.739830   -2.994718   -3.228418   -3.429308   -3.597540   -3.750449   -3.909182   


#  Thrust coefficient

0.087323   0.086704   0.086044   0.085354   0.084647   0.083934   0.083230   0.082548   0.081903   0.081310   0.080786   0.080349   0.080017   0.079810   0.079746   0.079815   0.079921   0.079859   0.079416   0.078490   0.077103   0.075357   0.073384   0.071293   0.069123   0.066821   0.064315   0.061431   0.058100   0.054210   
0.102026   0.101370   0.100710   0.100067   0.099456   0.098899   0.098414   0.098024   0.097753   0.097627   0.097672   0.097913   0.098342   0.098825   0.099047   0.098687   0.097622   0.095937   0.093815   0.091471   0.089036   0.086494   0.083698   0.080438   0.076514   0.071783   0.066277   0.060135   0.053475   0.046382   
0.119432   0.118870   0.118364   0.117939   0.117623   0.117446   0.117441   0.117642   0.118082   0.118794   0.119718   0.120563   0.120821   0.120147   0.118568   0.116330   0.113756   0.111120   0.108420   0.105405   0.101708   0.096998   0.091057   0.084023   0.076182   0.067700   0.058741   0.050179   0.040687   0.030900   
0.139790   0.139481   0.139312   0.139320   0.139549   0.140042   0.140843   0.141994   0.143433   0.144781   0.145334   0.144652   0.142842   0.140301   0.137511   0.134807   0.132025   0.128618   0.123919   0.117463   0.109346   0.099971   0.089698   0.078835   0.068392   0.056752   0.044521   0.033188   0.021814   0.009923   
0.163314   0.163453   0.163851   0.164562   0.165641   0.167146   0.169076   0.171112   0.172430   0.172261   0.170625   0.168032   0.165166   0.162567   0.160041   0.156604   0.151166   0.143204   0.133028   0.121296   0.108555   0.095168   0.082294   0.068060   0.054385   0.039197   0.024581   0.009941   -0.004048   -0.016705   
0.190222   0.191053   0.192297   0.194021   0.196292   0.198990   0.201453   0.202512   0.201676   0.199399   0.196567   0.194052   0.192120   0.189433   0.184106   0.175300   0.163474   0.149519   0.134243   0.118260   0.102757   0.085976   0.069400   0.051461   0.033577   0.015412   -0.002204   -0.018281   -0.033788   -0.048112   
0.220755   0.222555   0.224956   0.228011   0.231461   0.234309   0.235200   0.233965   0.231465   0.228901   0.227346   0.226222   0.222520   0.214204   0.201573   0.185846   0.168164   0.149492   0.131245   0.112262   0.092336   0.071804   0.050077   0.028008   0.006306   -0.013810   -0.033171   -0.051114   -0.067027   -0.081070   
0.255155   0.258231   0.262062   0.266286   0.269653   0.270653   0.269362   0.267019   0.265127   0.265046   0.264617   0.259129   0.247427   0.230958   0.211397   0.190137   0.169141   0.147270   0.125114   0.100754   0.076112   0.050241   0.024185   -0.000942   -0.024883   -0.047327   -0.067830   -0.085984   -0.102041   -0.115176   
0.293657   0.298245   0.303295   0.307426   0.308908   0.307911   0.306010   0.305069   0.306914   0.307143   0.299616   0.284573   0.264358   0.241117   0.217688   0.192292   0.167698   0.140278   0.113002   0.083490   0.053457   0.023469   -0.005980   -0.033963   -0.059815   -0.083216   -0.104534   -0.123008   -0.137778   -0.149542   
0.336392   0.342311   0.347479   0.349863   0.349502   0.348240   0.348372   0.352542   0.353773   0.344453   0.326276   0.302549   0.276685   0.249488   0.221242   0.191316   0.160894   0.128309   0.094956   0.060618   0.026250   -0.007839   -0.040022   -0.070237   -0.097219   -0.121965   -0.143207   -0.160543   -0.174298   -0.185020   
0.383161   0.389577   0.393305   0.393927   0.393441   0.394591   0.401366   0.404523   0.394000   0.373097   0.347226   0.317753   0.287390   0.255197   0.220547   0.184970   0.148834   0.110985   0.072672   0.033508   -0.005094   -0.042530   -0.076848   -0.108689   -0.137488   -0.162324   -0.182805   -0.199175   -0.211852   -0.221352   
0.433449   0.438933   0.440913   0.441330   0.443324   0.452646   0.459162   0.448398   0.425371   0.397822   0.366038   0.331583   0.294084   0.255516   0.215235   0.174637   0.133313   0.090036   0.045992   0.002617   -0.039591   -0.079689   -0.116671   -0.149927   -0.179348   -0.203838   -0.223575   -0.238567   -0.250243   -0.259155   
0.486415   0.490146   0.491632   0.494278   0.505486   0.517162   0.507549   0.485399   0.454410   0.421253   0.381427   0.340572   0.296236   0.252288   0.206777   0.161188   0.113672   0.065793   0.016545   -0.031203   -0.077228   -0.120031   -0.158716   -0.193271   -0.222662   -0.246702   -0.265033   -0.279326   -0.290269   -0.297881   
0.541314   0.544068   0.547236   0.559086   0.577573   0.571033   0.548970   0.518444   0.481248   0.438675   0.392493   0.345170   0.295794   0.246661   0.195876   0.144141   0.091745   0.037465   -0.016642   -0.068269   -0.117259   -0.162467   -0.202977   -0.238148   -0.267517   -0.290212   -0.307950   -0.321544   -0.331367   -0.337481   
0.598354   0.601927   0.612769   0.638991   0.639150   0.615893   0.587928   0.546693   0.501909   0.451547   0.400453   0.346804   0.293194   0.237913   0.182230   0.125053   0.065977   0.007104   -0.051701   -0.107660   -0.159901   -0.207022   -0.249027   -0.284755   -0.313066   -0.335276   -0.352321   -0.364959   -0.373659   -0.377727   
0.658797   0.666979   0.699609   0.706872   0.691035   0.658826   0.619510   0.570850   0.518467   0.463212   0.406071   0.347622   0.287797   0.227614   0.166079   0.102499   0.038386   -0.026649   -0.090157   -0.149670   -0.204445   -0.253946   -0.296987   -0.332196   -0.360214   -0.381750   -0.397958   -0.409817   -0.416956   -0.418471   
0.724987   0.760339   0.775456   0.762098   0.736338   0.695914   0.645478   0.591782   0.533254   0.473185   0.410192   0.346368   0.281627   0.215181   0.147663   0.078326   0.007482   -0.062564   -0.130460   -0.193596   -0.251450   -0.302713   -0.345970   -0.381326   -0.408550   -0.429500   -0.445213   -0.455965   -0.461157   -0.459590   
0.819064   0.844673   0.835432   0.809259   0.773602   0.725058   0.670102   0.609927   0.547283   0.480838   0.412969   0.343693   0.272737   0.201303   0.127068   0.051000   -0.025449   -0.101134   -0.173068   -0.240017   -0.299975   -0.352689   -0.396815   -0.431596   -0.458474   -0.478973   -0.493953   -0.503359   -0.506162   -0.501023   
0.918170   0.909931   0.884715   0.848296   0.804394   0.751739   0.691813   0.627954   0.559063   0.487875   0.414447   0.339057   0.263218   0.184651   0.104411   0.021830   -0.061005   -0.141889   -0.218168   -0.287968   -0.350677   -0.404728   -0.448841   -0.483435   -0.509983   -0.530045   -0.544181   -0.551939   -0.551878   -0.542807   
0.991905   0.963700   0.925452   0.880870   0.831949   0.776485   0.713363   0.644253   0.570431   0.493706   0.414267   0.334089   0.251202   0.166706   0.079227   -0.009881   -0.098710   -0.184904   -0.264775   -0.338254   -0.403194   -0.458074   -0.502445   -0.536817   -0.563144   -0.582745   -0.595883   -0.601637   -0.598243   -0.585071   
1.053229   1.011710   0.963702   0.910153   0.857741   0.799508   0.733039   0.659194   0.580662   0.498089   0.413979   0.326890   0.238222   0.146457   0.052085   -0.043344   -0.138297   -0.229482   -0.313779   -0.390424   -0.457151   -0.513099   -0.557548   -0.591829   -0.618004   -0.637094   -0.649030   -0.652386   -0.645252   -0.627993   
1.107737   1.056667   0.998535   0.939563   0.880817   0.820664   0.751213   0.673532   0.589578   0.502568   0.411704   0.319014   0.223229   0.124466   0.023067   -0.079176   -0.180091   -0.276444   -0.364703   -0.444126   -0.512930   -0.569646   -0.614225   -0.648548   -0.674597   -0.693101   -0.703585   -0.704133   -0.692962   -0.671765   
1.160489   1.099303   1.034240   0.968301   0.903595   0.839937   0.768602   0.686582   0.598740   0.505224   0.409021   0.309448   0.206737   0.100825   -0.007603   -0.116582   -0.223268   -0.324547   -0.417198   -0.499773   -0.570325   -0.627748   -0.672552   -0.707029   -0.732951   -0.750764   -0.759504   -0.756845   -0.741467   -0.716577   
1.211173   1.141900   1.069337   0.996257   0.925733   0.858264   0.784465   0.699921   0.606165   0.507686   0.404916   0.298600   0.188880   0.075694   -0.040270   -0.155816   -0.268809   -0.375107   -0.471706   -0.557136   -0.629331   -0.687447   -0.732597   -0.767314   -0.793088   -0.810068   -0.816752   -0.810518   -0.790880   -0.762587   
1.260225   1.183972   1.103835   1.024419   0.948086   0.875226   0.800358   0.711498   0.613531   0.508947   0.399743   0.286685   0.169741   0.048740   -0.074102   -0.197095   -0.315852   -0.427459   -0.527989   -0.616192   -0.689955   -0.748793   -0.794420   -0.829432   -0.855021   -0.870993   -0.875301   -0.865176   -0.841315   -0.809908   
1.310354   1.225620   1.138598   1.052935   0.970513   0.892791   0.814230   0.723020   0.619828   0.509324   0.393776   0.273708   0.148997   0.020783   -0.110133   -0.239806   -0.364881   -0.481204   -0.586026   -0.676929   -0.752218   -0.811841   -0.858068   -0.893406   -0.918757   -0.933521   -0.935125   -0.920868   -0.892880   -0.858609   
1.360164   1.267583   1.173901   1.081648   0.992950   0.909057   0.827894   0.733377   0.625359   0.509080   0.386964   0.259343   0.127454   -0.009216   -0.147474   -0.284445   -0.415642   -0.537048   -0.645802   -0.739339   -0.816140   -0.876644   -0.923577   -0.959258   -0.984295   -0.997634   -0.996206   -0.977654   -0.945661   -0.908727   
1.409505   1.310215   1.209499   1.110485   1.015461   0.925845   0.840282   0.743089   0.630325   0.507966   0.378956   0.244148   0.104058   -0.040669   -0.186632   -0.330748   -0.468116   -0.594641   -0.707300   -0.803424   -0.881746   -0.943252   -0.990979   -1.027003   -1.051629   -1.063314   -1.058537   -1.035595   -0.999722   -0.960269   
1.458470   1.353153   1.245338   1.139532   1.037589   0.942014   0.852094   0.752071   0.634750   0.506458   0.370075   0.227941   0.079393   -0.073174   -0.227344   -0.378692   -0.522289   -0.653969   -0.770511   -0.869191   -0.949072   -1.011705   -1.060297   -1.096650   -1.120752   -1.130545   -1.122124   -1.094743   -1.055119   -1.013231   
1.506127   1.396272   1.281512   1.168334   1.059811   0.958244   0.863226   0.760576   0.638778   0.503970   0.361016   0.210363   0.053860   -0.107382   -0.269586   -0.428257   -0.578151   -0.715020   -0.835424   -0.936650   -1.018154   -1.082035   -1.131552   -1.168205   -1.191658   -1.199313   -1.186992   -1.155138   -1.111895   -1.067605   


# Torque coefficient

0.003147   0.004409   0.005645   0.006858   0.008052   0.009228   0.010393   0.011550   0.012704   0.013860   0.015023   0.016200   0.017398   0.018626   0.019895   0.021225   0.022630   0.023998   0.025113   0.025841   0.026218   0.026346   0.026300   0.026137   0.025880   0.025502   0.024958   0.024162   0.023088   0.021686   
0.004762   0.006242   0.007701   0.009144   0.010577   0.012003   0.013430   0.014863   0.016310   0.017779   0.019282   0.020833   0.022455   0.024181   0.025867   0.027200   0.028035   0.028472   0.028647   0.028660   0.028569   0.028376   0.028004   0.027359   0.026352   0.024932   0.023135   0.021011   0.018611   0.015970   
0.006533   0.008284   0.010021   0.011751   0.013480   0.015218   0.016972   0.018755   0.020583   0.022472   0.024464   0.026565   0.028450   0.029769   0.030536   0.030939   0.031136   0.031232   0.031243   0.031067   0.030541   0.029540   0.027993   0.025978   0.023602   0.020927   0.018009   0.015075   0.011781   0.008313   
0.008486   0.010553   0.012616   0.014684   0.016766   0.018881   0.021046   0.023274   0.025613   0.028094   0.030324   0.031879   0.032807   0.033348   0.033705   0.034006   0.034226   0.034152   0.033521   0.032188   0.030218   0.027761   0.024940   0.021851   0.018734   0.015203   0.011416   0.007759   0.003965   -0.000150   
0.010617   0.013045   0.015482   0.017944   0.020457   0.023033   0.025687   0.028527   0.031298   0.033391   0.034723   0.035550   0.036157   0.036742   0.037300   0.037494   0.036932   0.035474   0.033253   0.030484   0.027336   0.023913   0.020460   0.016584   0.012726   0.008390   0.004072   -0.000431   -0.005040   -0.009514   
0.012920   0.015756   0.018632   0.021572   0.024566   0.027670   0.030976   0.033903   0.035954   0.037285   0.038236   0.039127   0.040114   0.040837   0.040663   0.039365   0.037115   0.034185   0.030806   0.027136   0.023408   0.019302   0.015108   0.010501   0.005782   0.000842   -0.004228   -0.009276   -0.014405   -0.019343   
0.015396   0.018713   0.022099   0.025514   0.029073   0.032815   0.035954   0.038142   0.039656   0.040890   0.042238   0.043676   0.044333   0.043608   0.041635   0.038760   0.035289   0.031454   0.027526   0.023341   0.018834   0.014081   0.008954   0.003607   -0.001854   -0.007317   -0.013013   -0.018637   -0.023914   -0.028889   
0.018079   0.021926   0.025768   0.029770   0.033971   0.037462   0.039957   0.041799   0.043432   0.045362   0.047200   0.047654   0.046432   0.043941   0.040602   0.036737   0.032706   0.028390   0.023874   0.018844   0.013598   0.007975   0.002148   -0.003738   -0.009777   -0.015982   -0.022094   -0.027861   -0.033348   -0.038464   
0.020956   0.025243   0.029665   0.034365   0.038368   0.041320   0.043609   0.045724   0.048313   0.050528   0.050808   0.049236   0.046389   0.042737   0.038773   0.034332   0.029833   0.024755   0.019534   0.013767   0.007742   0.001519   -0.004869   -0.011402   -0.018082   -0.024698   -0.031127   -0.037180   -0.042783   -0.048121   
0.023862   0.028683   0.033893   0.038557   0.042102   0.044945   0.047599   0.050889   0.053547   0.053797   0.052042   0.049007   0.045289   0.041100   0.036543   0.031581   0.026374   0.020656   0.014637   0.008259   0.001646   -0.005204   -0.012139   -0.019348   -0.026525   -0.033602   -0.040243   -0.046498   -0.052453   -0.058033   
0.026773   0.032447   0.037879   0.042152   0.045639   0.048884   0.052891   0.056154   0.056565   0.054817   0.051880   0.048066   0.043829   0.039112   0.033867   0.028298   0.022447   0.016134   0.009530   0.002547   -0.004646   -0.012065   -0.019589   -0.027420   -0.035183   -0.042524   -0.049469   -0.056116   -0.062347   -0.068135   
0.029948   0.036164   0.041305   0.045511   0.049403   0.054118   0.058191   0.059002   0.057457   0.054764   0.051144   0.046831   0.041892   0.036572   0.030801   0.024759   0.018378   0.011472   0.004190   -0.003308   -0.011020   -0.019017   -0.027338   -0.035722   -0.043870   -0.051581   -0.058988   -0.065905   -0.072420   -0.078636   
0.033263   0.039375   0.044380   0.048972   0.054359   0.059457   0.060934   0.060000   0.057519   0.054261   0.049896   0.045075   0.039558   0.033813   0.027602   0.021105   0.014078   0.006727   -0.001152   -0.009207   -0.017574   -0.026277   -0.035245   -0.044171   -0.052708   -0.060937   -0.068687   -0.075971   -0.082898   -0.089463   
0.036146   0.042065   0.047375   0.053386   0.059705   0.062126   0.061841   0.060055   0.057049   0.053026   0.048231   0.042960   0.037119   0.030995   0.024349   0.017277   0.009817   0.001766   -0.006666   -0.015271   -0.024239   -0.033688   -0.043337   -0.052733   -0.061829   -0.070492   -0.078661   -0.086369   -0.093711   -0.100633   
0.038324   0.044362   0.050895   0.058621   0.062322   0.062762   0.061935   0.059356   0.055875   0.051373   0.046367   0.040685   0.034633   0.028023   0.021016   0.013484   0.005364   -0.003125   -0.012124   -0.021394   -0.031129   -0.041292   -0.051558   -0.061545   -0.071162   -0.080342   -0.088929   -0.097095   -0.104913   -0.112090   
0.039965   0.046675   0.055689   0.060846   0.062777   0.062579   0.061099   0.058187   0.054351   0.049710   0.044400   0.038497   0.032020   0.025097   0.017627   0.009538   0.000987   -0.008182   -0.017776   -0.027690   -0.038164   -0.049121   -0.059994   -0.070553   -0.080835   -0.090443   -0.099499   -0.108235   -0.116457   -0.123812   
0.041397   0.050743   0.057280   0.060586   0.061994   0.061619   0.059682   0.056750   0.052737   0.047999   0.042418   0.036252   0.029517   0.022136   0.014220   0.005669   -0.003544   -0.013245   -0.023447   -0.034093   -0.045441   -0.057114   -0.068584   -0.079934   -0.090710   -0.100803   -0.110478   -0.119753   -0.128322   -0.135789   
0.044062   0.051679   0.056092   0.058830   0.060264   0.059914   0.058139   0.055111   0.051149   0.046168   0.040443   0.034021   0.026890   0.019231   0.010787   0.001660   -0.008067   -0.018423   -0.029237   -0.040719   -0.052837   -0.065222   -0.077527   -0.089559   -0.100861   -0.111537   -0.121850   -0.131635   -0.140493   -0.148025   
0.044860   0.049765   0.053357   0.056126   0.057868   0.057948   0.056364   0.053530   0.049440   0.044399   0.038477   0.031735   0.024385   0.016201   0.007341   -0.002328   -0.012691   -0.023668   -0.035197   -0.047453   -0.060466   -0.073627   -0.086743   -0.099454   -0.111302   -0.122652   -0.133611   -0.143870   -0.152961   -0.160544   
0.042688   0.046775   0.050013   0.052904   0.055121   0.055799   0.054607   0.051865   0.047789   0.042632   0.036474   0.029577   0.021768   0.013229   0.003814   -0.006403   -0.017367   -0.029013   -0.041222   -0.054428   -0.068287   -0.082264   -0.096280   -0.109593   -0.122074   -0.134158   -0.145753   -0.156445   -0.165724   -0.173384   
0.039758   0.043527   0.046792   0.049606   0.052222   0.053491   0.052736   0.050149   0.046130   0.040835   0.034597   0.027319   0.019220   0.010186   0.000266   -0.010480   -0.022083   -0.034404   -0.047461   -0.061588   -0.076275   -0.091229   -0.106084   -0.120000   -0.133212   -0.146055   -0.158269   -0.169353   -0.178789   -0.186588   
0.036446   0.040288   0.043547   0.046512   0.049171   0.051043   0.050787   0.048461   0.044439   0.039162   0.032632   0.025136   0.016614   0.007133   -0.003303   -0.014649   -0.026895   -0.039950   -0.053864   -0.068893   -0.084528   -0.100498   -0.116134   -0.130705   -0.144731   -0.158338   -0.171151   -0.182587   -0.192175   -0.200202   
0.033094   0.037027   0.040478   0.043521   0.046245   0.048493   0.048830   0.046729   0.042866   0.037405   0.030747   0.022910   0.014007   0.004072   -0.006880   -0.018828   -0.031718   -0.045527   -0.060396   -0.076416   -0.093048   -0.110061   -0.126431   -0.141744   -0.156632   -0.171005   -0.184392   -0.196146   -0.205907   -0.214265   
0.029697   0.033834   0.037453   0.040592   0.043429   0.045948   0.046793   0.045099   0.041208   0.035733   0.028830   0.020687   0.011406   0.001015   -0.010517   -0.023064   -0.036688   -0.051302   -0.067128   -0.084138   -0.101858   -0.119899   -0.136987   -0.153138   -0.168915   -0.184051   -0.197986   -0.210032   -0.220013   -0.228808   
0.026233   0.030644   0.034451   0.037787   0.040770   0.043390   0.044819   0.043373   0.039630   0.034033   0.026918   0.018482   0.008817   -0.002089   -0.014127   -0.027393   -0.041710   -0.057207   -0.074032   -0.092078   -0.110962   -0.129992   -0.147824   -0.164898   -0.181577   -0.197472   -0.211930   -0.224256   -0.234519   -0.243855   
0.022797   0.027450   0.031526   0.035100   0.038232   0.041001   0.042725   0.041712   0.038026   0.032343   0.025033   0.016296   0.006193   -0.005153   -0.017845   -0.031750   -0.046857   -0.063212   -0.081112   -0.100254   -0.120356   -0.140330   -0.158969   -0.177026   -0.194618   -0.211262   -0.226219   -0.238831   -0.249448   -0.259422   
0.019349   0.024296   0.028685   0.032498   0.035784   0.038607   0.040688   0.040008   0.036430   0.030678   0.023173   0.014083   0.003621   -0.008306   -0.021571   -0.036207   -0.052105   -0.069403   -0.088374   -0.108688   -0.130032   -0.150912   -0.170443   -0.189520   -0.208034   -0.225418   -0.240855   -0.253774   -0.264820   -0.275517   
0.015891   0.021202   0.025899   0.029955   0.033421   0.036358   0.038613   0.038312   0.034853   0.029018   0.021290   0.011901   0.000972   -0.011487   -0.025377   -0.040737   -0.057460   -0.075747   -0.095826   -0.117394   -0.139980   -0.161744   -0.182257   -0.202379   -0.221823   -0.239939   -0.255838   -0.269097   -0.280650   -0.292145   
0.012483   0.018136   0.023147   0.027471   0.031086   0.034141   0.036566   0.036613   0.033296   0.027401   0.019417   0.009720   -0.001691   -0.014659   -0.029235   -0.045344   -0.062928   -0.082249   -0.103477   -0.126374   -0.150188   -0.172841   -0.194415   -0.215603   -0.235983   -0.254820   -0.271173   -0.284816   -0.296951   -0.309308   
0.009250   0.015091   0.020435   0.024996   0.028815   0.032005   0.034542   0.034930   0.031771   0.025767   0.017617   0.007501   -0.004332   -0.017900   -0.033149   -0.050032   -0.068514   -0.088912   -0.111340   -0.135626   -0.160643   -0.184222   -0.206920   -0.229191   -0.250513   -0.270062   -0.286867   -0.300940   -0.313731   -0.327009   

