# ----- Rotor performance tables for the WEIS Turbine wind turbine ----- 
# ------------ Written on Mar-24-24 using the ROSCO toolbox ------------ 

# Pitch angle vector, 20 entries - x axis (matrix columns) (deg)
-5.0   -3.158   -1.316   0.5263   2.368   4.211   6.053   7.895   9.737   11.58   13.42   15.26   17.11   18.95   20.79   22.63   24.47   26.32   28.16   30.0   
# TSR vector, 20 entries - y axis (matrix rows) (-)
2.0    2.526    3.053    3.579    4.105    4.632    5.158    5.684    6.211    6.737    7.263    7.789    8.316    8.842    9.368    9.895    10.42    10.95    11.47    12.0    
# Wind speed vector - z axis (m/s)
10.36    

# Power coefficient

0.003152   0.005752   0.008284   0.010747   0.013149   0.015505   0.017832   0.020154   0.022505   0.024942   0.027518   0.030240   0.032996   0.035252   0.036628   0.037442   0.037991   0.038096   0.037289   0.035270   
0.007937   0.012087   0.016148   0.020149   0.024122   0.028122   0.032244   0.036580   0.041083   0.045682   0.049621   0.052040   0.053686   0.055099   0.055537   0.053891   0.050022   0.044578   0.038002   0.030328   
0.015078   0.021428   0.027725   0.034052   0.040587   0.047415   0.054306   0.061244   0.067230   0.071014   0.074194   0.077040   0.077155   0.073087   0.065970   0.057099   0.046965   0.035844   0.023306   0.011047   
0.025044   0.034452   0.044031   0.054036   0.064046   0.073778   0.083488   0.090689   0.096415   0.102309   0.104032   0.098818   0.089030   0.076704   0.062918   0.048328   0.031524   0.014505   -0.003411   -0.021361   
0.038348   0.052171   0.066389   0.080032   0.093119   0.106482   0.116745   0.126786   0.134853   0.132402   0.121756   0.106530   0.088978   0.070871   0.050867   0.028422   0.004902   -0.018838   -0.042928   -0.066088   
0.055951   0.075257   0.093298   0.110341   0.128816   0.144483   0.160893   0.170090   0.163861   0.148323   0.127827   0.105669   0.082543   0.056822   0.027719   -0.002691   -0.033154   -0.064080   -0.093845   -0.120313   
0.077987   0.101574   0.123337   0.147690   0.171427   0.196237   0.208105   0.199652   0.180045   0.155443   0.128464   0.099416   0.067624   0.032095   -0.005706   -0.043363   -0.082141   -0.119714   -0.154299   -0.185576   
0.102150   0.129915   0.159505   0.193765   0.229419   0.248289   0.239941   0.217718   0.189365   0.157474   0.123002   0.085228   0.043642   -0.001544   -0.047493   -0.094289   -0.141418   -0.185813   -0.226223   -0.263754   
0.127275   0.162106   0.205923   0.255363   0.288304   0.283688   0.261924   0.231735   0.195262   0.154243   0.110854   0.063778   0.011911   -0.042818   -0.097760   -0.155161   -0.211136   -0.263115   -0.311413   -0.355459   
0.154219   0.202849   0.266957   0.322951   0.328305   0.309727   0.278847   0.239684   0.194224   0.145488   0.093253   0.036005   -0.026845   -0.091438   -0.157847   -0.226547   -0.292260   -0.353750   -0.410507   -0.461267   
0.185591   0.256829   0.343238   0.369494   0.358867   0.331704   0.291274   0.243086   0.189692   0.132530   0.070588   0.001610   -0.072120   -0.148100   -0.227790   -0.308944   -0.386326   -0.458223   -0.524775   -0.580560   
0.225274   0.336109   0.397008   0.402682   0.383200   0.346531   0.299105   0.243412   0.181838   0.115590   0.042927   -0.038220   -0.124476   -0.213564   -0.308349   -0.403848   -0.493813   -0.578242   -0.654135   -0.713462   
0.286553   0.395704   0.432868   0.428213   0.400731   0.358508   0.304462   0.240958   0.170932   0.094928   0.009716   -0.084200   -0.184173   -0.288265   -0.400648   -0.511602   -0.616411   -0.714215   -0.798873   -0.860661   
0.346625   0.432368   0.456634   0.445727   0.414990   0.368133   0.307447   0.236091   0.157332   0.069770   -0.028144   -0.136567   -0.251237   -0.373560   -0.504993   -0.633763   -0.754791   -0.866976   -0.959119   -1.023811   
0.376405   0.449338   0.468428   0.458538   0.426514   0.375557   0.308496   0.229279   0.140185   0.041037   -0.071305   -0.195356   -0.326791   -0.469513   -0.622999   -0.770544   -0.910229   -1.036773   -1.135452   -1.204905   
0.391073   0.446407   0.471129   0.467019   0.435573   0.381288   0.308008   0.219662   0.120473   0.008060   -0.119741   -0.260955   -0.410807   -0.578000   -0.754750   -0.923508   -1.083326   -1.224052   -1.328886   -1.405939   
0.384257   0.432522   0.464227   0.471332   0.442659   0.385636   0.305464   0.208276   0.097533   -0.029083   -0.173350   -0.333379   -0.504865   -0.699196   -0.901235   -1.093521   -1.274761   -1.429344   -1.540727   -1.628761   
0.367161   0.414692   0.450553   0.471839   0.447950   0.388070   0.300936   0.194421   0.071469   -0.070105   -0.233018   -0.413648   -0.609062   -0.834089   -1.062949   -1.281421   -1.485147   -1.653247   -1.772405   -1.874967   
0.343866   0.393955   0.434883   0.468333   0.450836   0.388642   0.294733   0.178373   0.042396   -0.115901   -0.298061   -0.501120   -0.724704   -0.983058   -1.240901   -1.487973   -1.715114   -1.896502   -2.025403   -2.145974   
0.315558   0.370743   0.417950   0.459537   0.451279   0.387665   0.286918   0.160106   0.010235   -0.165610   -0.369919   -0.597569   -0.852525   -1.146667   -1.436078   -1.713930   -1.965305   -2.160053   -2.301205   -2.443158   


#  Thrust coefficient

0.063992   0.063282   0.062508   0.061685   0.060833   0.059978   0.059151   0.058385   0.057727   0.057226   0.056922   0.056826   0.056726   0.056202   0.055124   0.053799   0.052409   0.050761   0.048412   0.045044   
0.079547   0.078789   0.078031   0.077316   0.076695   0.076234   0.076007   0.076068   0.076459   0.076903   0.076641   0.075482   0.074126   0.072817   0.070832   0.067141   0.061552   0.054604   0.046707   0.037926   
0.099376   0.098821   0.098417   0.098261   0.098448   0.099043   0.100082   0.101064   0.100878   0.099683   0.098807   0.097932   0.094877   0.088258   0.079028   0.068303   0.056589   0.044384   0.031020   0.018524   
0.123958   0.124008   0.124481   0.125457   0.126984   0.128752   0.129504   0.128802   0.128630   0.129262   0.126470   0.117717   0.105094   0.090319   0.074459   0.058528   0.040589   0.023143   0.005559   -0.010345   
0.153825   0.154981   0.156779   0.159098   0.161266   0.161989   0.162147   0.164594   0.165856   0.157990   0.143172   0.124471   0.103992   0.083856   0.062273   0.038697   0.014738   -0.007791   -0.027997   -0.045742   
0.189397   0.191954   0.194883   0.197447   0.198826   0.200868   0.207116   0.207642   0.194726   0.173851   0.148925   0.123453   0.097807   0.070062   0.039422   0.008522   -0.020068   -0.045165   -0.066680   -0.082798   
0.230670   0.234129   0.237131   0.239617   0.243934   0.254942   0.255700   0.238663   0.211911   0.181834   0.150575   0.117967   0.083285   0.045602   0.007005   -0.028636   -0.060153   -0.086287   -0.106622   -0.121022   
0.276752   0.280110   0.283665   0.290075   0.306394   0.310732   0.291141   0.259147   0.223383   0.185599   0.146158   0.104235   0.059576   0.012884   -0.031542   -0.070980   -0.103681   -0.129604   -0.148042   -0.161401   
0.326390   0.330478   0.338277   0.358826   0.372086   0.352773   0.318161   0.277733   0.232446   0.183911   0.134615   0.083174   0.028614   -0.025695   -0.074643   -0.116449   -0.149729   -0.174215   -0.191908   -0.203845   
0.380058   0.388089   0.409303   0.437303   0.423075   0.387296   0.341573   0.289642   0.233377   0.176199   0.117668   0.056152   -0.008129   -0.068784   -0.121777   -0.164839   -0.197603   -0.221436   -0.238124   -0.247922   
0.439897   0.458402   0.501698   0.500759   0.467741   0.419979   0.360389   0.296391   0.230705   0.164354   0.095925   0.023184   -0.049395   -0.115840   -0.171707   -0.215472   -0.247925   -0.271172   -0.286801   -0.292514   
0.509460   0.559256   0.579080   0.554960   0.507718   0.444080   0.373748   0.299941   0.224763   0.148729   0.069555   -0.013919   -0.094920   -0.166347   -0.224246   -0.268625   -0.300710   -0.323843   -0.337249   -0.337045   
0.605434   0.653401   0.644898   0.604435   0.540168   0.465345   0.384660   0.300755   0.215922   0.129637   0.038365   -0.055339   -0.144130   -0.219611   -0.279571   -0.323988   -0.356739   -0.379043   -0.389029   -0.381429   
0.718522   0.732588   0.705109   0.645698   0.569902   0.484469   0.393297   0.299287   0.204591   0.106520   0.003592   -0.100699   -0.196304   -0.275934   -0.337078   -0.382538   -0.415566   -0.436793   -0.441652   -0.426195   
0.807393   0.801872   0.754645   0.683819   0.597550   0.501681   0.400148   0.296094   0.190058   0.080462   -0.034994   -0.149495   -0.251765   -0.334542   -0.397598   -0.443993   -0.477446   -0.496697   -0.494935   -0.472040   
0.892587   0.857266   0.798819   0.719356   0.623426   0.517534   0.405704   0.290421   0.173418   0.051004   -0.077016   -0.201606   -0.309761   -0.396168   -0.460757   -0.508690   -0.542267   -0.558479   -0.548988   -0.519601   
0.963712   0.908069   0.837946   0.752531   0.648112   0.532426   0.409552   0.283380   0.154144   0.018405   -0.121999   -0.256481   -0.370925   -0.460315   -0.527040   -0.576530   -0.609960   -0.621922   -0.604082   -0.569344   
1.029232   0.956969   0.873769   0.783794   0.671922   0.545927   0.411912   0.274341   0.132402   -0.016803   -0.170397   -0.314650   -0.434649   -0.527391   -0.596457   -0.647535   -0.680386   -0.686869   -0.660539   -0.621505   
1.093094   1.005135   0.909082   0.813206   0.694381   0.558224   0.413113   0.263614   0.108459   -0.055222   -0.221241   -0.374992   -0.501235   -0.597346   -0.669081   -0.721714   -0.753406   -0.753267   -0.718684   -0.676156   
1.156299   1.053380   0.944646   0.839869   0.715614   0.569652   0.413265   0.251268   0.082313   -0.095823   -0.275430   -0.438684   -0.570560   -0.670256   -0.744944   -0.799056   -0.828894   -0.821181   -0.778821   -0.733329   


# Torque coefficient

0.001582   0.002886   0.004156   0.005392   0.006597   0.007779   0.008947   0.010112   0.011291   0.012514   0.013806   0.015172   0.016555   0.017687   0.018377   0.018785   0.019061   0.019114   0.018709   0.017696   
0.003153   0.004801   0.006414   0.008003   0.009581   0.011170   0.012807   0.014529   0.016318   0.018145   0.019709   0.020670   0.021324   0.021885   0.022059   0.021405   0.019868   0.017706   0.015094   0.012046   
0.004956   0.007044   0.009114   0.011193   0.013341   0.015586   0.017851   0.020132   0.022100   0.023343   0.024389   0.025324   0.025362   0.024025   0.021685   0.018769   0.015438   0.011782   0.007661   0.003631   
0.007022   0.009659   0.012345   0.015150   0.017957   0.020685   0.023408   0.025427   0.027032   0.028685   0.029168   0.027706   0.024962   0.021506   0.017640   0.013550   0.008838   0.004067   -0.000956   -0.005989   
0.009373   0.012752   0.016227   0.019562   0.022761   0.026027   0.028536   0.030990   0.032962   0.032363   0.029761   0.026039   0.021749   0.017323   0.012433   0.006947   0.001198   -0.004604   -0.010493   -0.016154   
0.012122   0.016305   0.020213   0.023906   0.027908   0.031303   0.034858   0.036850   0.035501   0.032134   0.027694   0.022893   0.017883   0.012311   0.006005   -0.000583   -0.007183   -0.013883   -0.020332   -0.026066   
0.015172   0.019761   0.023995   0.028732   0.033350   0.038177   0.040486   0.038841   0.035027   0.030241   0.024992   0.019341   0.013156   0.006244   -0.001110   -0.008436   -0.015980   -0.023290   -0.030018   -0.036103   
0.018033   0.022934   0.028158   0.034206   0.040500   0.043831   0.042357   0.038434   0.033429   0.027799   0.021714   0.015045   0.007704   -0.000273   -0.008384   -0.016645   -0.024965   -0.032802   -0.039935   -0.046561   
0.020564   0.026192   0.033271   0.041259   0.046582   0.045836   0.042319   0.037442   0.031549   0.024921   0.017911   0.010305   0.001924   -0.006918   -0.015795   -0.025069   -0.034113   -0.042512   -0.050315   -0.057432   
0.022971   0.030214   0.039763   0.048103   0.048901   0.046133   0.041534   0.035701   0.028929   0.021670   0.013890   0.005363   -0.003999   -0.013619   -0.023511   -0.033744   -0.043532   -0.052691   -0.061144   -0.068705   
0.025640   0.035482   0.047420   0.051048   0.049579   0.045827   0.040241   0.033584   0.026207   0.018310   0.009752   0.000222   -0.009964   -0.020461   -0.031470   -0.042682   -0.053373   -0.063306   -0.072500   -0.080207   
0.029020   0.043298   0.051143   0.051874   0.049364   0.044640   0.038531   0.031356   0.023424   0.014890   0.005530   -0.004923   -0.016035   -0.027511   -0.039722   -0.052024   -0.063613   -0.074489   -0.084266   -0.091908   
0.034577   0.047748   0.052233   0.051671   0.048355   0.043260   0.036739   0.029076   0.020626   0.011455   0.001172   -0.010160   -0.022224   -0.034784   -0.048345   -0.061734   -0.074380   -0.086182   -0.096398   -0.103853   
0.039337   0.049067   0.051821   0.050583   0.047095   0.041777   0.034890   0.026793   0.017855   0.007918   -0.003194   -0.015498   -0.028511   -0.042393   -0.057309   -0.071922   -0.085657   -0.098388   -0.108845   -0.116187   
0.040316   0.048128   0.050173   0.049113   0.045683   0.040226   0.033043   0.024558   0.015015   0.004395   -0.007637   -0.020924   -0.035002   -0.050289   -0.066729   -0.082532   -0.097494   -0.111048   -0.121617   -0.129056   
0.039659   0.045271   0.047778   0.047361   0.044172   0.038667   0.031236   0.022276   0.012217   0.000817   -0.012143   -0.026464   -0.041661   -0.058616   -0.076540   -0.093654   -0.109862   -0.124133   -0.134765   -0.142579   
0.037000   0.041648   0.044700   0.045384   0.042624   0.037133   0.029413   0.020055   0.009391   -0.002800   -0.016692   -0.032101   -0.048613   -0.067325   -0.086780   -0.105295   -0.122747   -0.137631   -0.148357   -0.156833   
0.033654   0.038011   0.041298   0.043249   0.041059   0.035571   0.027584   0.017821   0.006551   -0.006426   -0.021359   -0.037915   -0.055827   -0.076453   -0.097431   -0.117456   -0.136129   -0.151538   -0.162460   -0.171861   
0.030073   0.034454   0.038033   0.040958   0.039428   0.033989   0.025776   0.015600   0.003708   -0.010136   -0.026067   -0.043826   -0.063380   -0.085974   -0.108524   -0.130132   -0.149997   -0.165860   -0.177134   -0.187678   
0.026387   0.031002   0.034949   0.038427   0.037736   0.032417   0.023992   0.013388   0.000856   -0.013848   -0.030933   -0.049969   -0.071288   -0.095885   -0.120085   -0.143319   -0.164339   -0.180624   -0.192427   -0.204297   

